  time    PosLHipYaw    VelLHipYaw    ForLHipYaw    PosLHipPitch    VelLHipPitch    ForLHipPitch    PosLHipRoll    VelLHipRoll    ForLHipRoll      PosLKnee      VelLKnee     ForLKnee    PosLAnklePitch    VelLAnklePitch    ForLAnklePitch    PosLAnkleRoll    VelLAnkleRoll    ForLAnkleRoll    PosRHipYaw    VelRHipYaw    ForRHipYaw    PosRHipPitch    VelRHipPitch    ForRHipPitch    PosRHipRoll    VelRHipRoll    ForRHipRoll      PosRKnee      VelRKnee     ForRKnee    PosRAnklePitch    VelRAnklePitch    ForRAnklePitch    PosRAnkleRoll    VelRAnkleRoll    ForRAnkleRoll
------  ------------  ------------  ------------  --------------  --------------  --------------  -------------  -------------  -------------  ------------  ------------  -----------  ----------------  ----------------  ----------------  ---------------  ---------------  ---------------  ------------  ------------  ------------  --------------  --------------  --------------  -------------  -------------  -------------  ------------  ------------  -----------  ----------------  ----------------  ----------------  ---------------  ---------------  ---------------
  0      9.01446e-05   0                             0                0                            -0.00118489     0                           -1.14595e-05   0                             -0.000368504       0                                 -1.43191e-08      0                             -5.28712e-09   0                            -0.000157878      0                             0.000383347     0                          -2.15368e-08   0                             -0.00041347        0                                 -1.43191e-08      0
  0.05   3.07201e-05  -0.000715358   0.0120699       8.10772e-05      0.00649626      0.00365831   -0.000652091    0.00574618       0.0682992  -3.98047e-06   9.49019e-05    0.0759511      -0.000122894       0.00298582           0.117368      1.00802e-05      5.47152e-05     -0.00402989   -3.52823e-08   9.49309e-07   -0.0226318     -0.000237077      0.00290228      -0.0516921    0.0011474       0.0250019      -0.64944    -6.63567e-09   3.84171e-07    0.0365815      -0.00011374        0.00381046          0.101985       1.00802e-05      5.47152e-05     -0.00402989
  0.1    9.53301e-06  -0.000255349   0.000435305     0.000554283      0.0108463       0.136746     -0.000507965    0.00126391      -0.0160319  -1.24425e-06   3.11062e-05    0.137827       -3.28235e-05       0.00112168           0.13713       9.83372e-06     -5.39001e-05     -0.0083456    -9.02514e-09   5.58793e-07   -0.00722465     5.75392e-05      0.00733323       0.104064     0.00287486      0.0410834      -0.453117   -3.4197e-09   -8.76025e-07    0.10923         9.97004e-06       0.00170404          0.125578       9.83372e-06     -5.39001e-05     -0.0083456
  0.15   1.99335e-06  -9.05225e-05   0.00446068      0.00108527       0.00983017      0.252492     -0.000489874   -0.000100199     -0.0826248  -2.4261e-07    1.4063e-05     0.190904        1.34669e-06       0.000422448          0.152341      6.80704e-06     -6.76138e-05     -0.011301     -2.41585e-09  -1.86265e-07   -0.00876352     0.000422393      0.00672481       0.237993     0.00514934      0.0475823      -0.213259   -1.38534e-08  -1.35624e-06    0.17059         7.08983e-05       0.000927972         0.143347       6.80704e-06     -6.76138e-05     -0.011301
  0.2   -6.69239e-07  -3.18504e-05   0.0046178       0.00147569       0.00587421      0.323495     -0.000502297   -0.000262074     -0.126927    9.40636e-08   5.12228e-06    0.22368         1.44728e-05       0.000166148          0.161976      3.46103e-06     -6.30039e-05     -0.0133816     2.33069e-09   0             -0.0050995      0.000679116      0.0036188        0.3112       0.00747794      0.0443908       0.0178372  -1.39698e-09   1.88593e-06    0.204313        0.000105494       0.000533461         0.153454       3.46103e-06     -6.30039e-05     -0.0133816
  0.25  -1.60518e-06  -1.19723e-05  -0.0945998      -0.121514        -2.83443        30            -0.000923605    0.00140367       0.0298714   0.314159      6.28319       10.7606         -0.31353          -6.27993              4.45424      -0.000466623     -0.0201392       -0.000539922  -5.53734e-09  -6.05838e-07    0.296784      -0.128699        -2.6185          29.9784       0.0106221      -0.0164334      -0.180193    0.314159      6.28319       10.7541         -0.313354         -6.27548             4.46466       -0.000466623     -0.0201392       -0.000539922
  0.3   -1.88242e-06  -3.56565e-06   0.207          -0.302394        -3.96417        27.4934        0.000137232    0.0103442       -0.0324526   0.628319      6.28321        9.49827        -0.625858         -6.247                4.50263       0.000226547      0.00968213      -0.0126886     5.22562e-09   9.55425e-08    0.167117      -0.328322        -4.47513         29.4708       0.0169174       0.137805       -0.226438    0.628319      6.28318       10.3446         -0.625461         -6.23779             4.77392        0.000226547      0.00968213      -0.0126886
  0.35  -1.95492e-06  -4.16003e-07   0.104321       -0.525821        -4.9849         19.2541        0.000177904   -0.00606758      -0.182873    0.942478      6.28323        2.56323        -0.895875         -3.68166              2.71795       0.000464765      0.00131624      -0.0157443     2.96086e-09  -3.18505e-07    0.0842452     -0.564112        -5.09861         25.679        0.0195897      -0.00133701     -0.318066    0.942478      6.28318        5.16289        -0.895285         -3.68334             3.66501        0.000464765      0.00131624      -0.0157443
  0.4   -1.94932e-06   4.10001e-07  -0.0311113      -0.797584        -5.72507         9.46533      -0.000305465   -0.0107354       -0.152009    1.25664       6.28319       -4.49214        -1.00499          -1.31356              1.48968       0.000430793     -0.00178422      -0.017087     -1.09696e-09  -1.68279e-07   -0.0510098     -0.84127         -5.58036         11.1472       0.0180726      -0.0977975      -0.220207    1.25664       6.28317       -4.40749        -1.00466          -1.32909             1.84896        0.000430793     -0.00178422      -0.017087
  0.45   0.00520835    0.676515      0.325517       -1.06607         -4.32318       -17.3815       -0.00220443     0.164963        -0.035053    1.56806       5.77891      -18.6194         -1.04422          -0.340462            -3.60094      -7.59333e-05     -0.0255545        0.0150038    -0.015052     -0.67283       -2.04268       -1.06841         -3.44634        -20.7276       0.0184023       0.12967        -2.62997     1.55997       5.56586      -22.8259         -1.04411          -0.450898           -5.64109       -7.59333e-05     -0.0255545        0.0150038
  0.5    0.0127878    -0.201118     19.1962         -1.04827          2.23503       -30            -0.153005      -3.74477         29.0574      1.35673      -6.31087        5.80003        -0.732466          6.31744             -6.59997       0.295941         4.57887          1.38575      -0.0196949     0.289359      13.776         -1.06324          2.22016        -30           -0.0391293      -1.89808        19.3025      1.34576      -6.35946        3.11198        -0.73397           6.2951             -7.32821        0.295941         4.57887          1.38575
  0.55   0.00414128   -0.104167     16.2204         -0.874188         4.40599       -25.2553       -0.324858      -3.53228         28.8825      1.04259      -6.28276      -15.5783         -0.495465          2.95165             -2.72275       0.430283         1.62227          1.70614      -0.00633089    0.161048      11.1215        -0.894597         4.30962        -29.5321      -0.13496        -2.13846        19.2841      1.11584      -2.83094      -25.9095         -0.496553          2.94335            -5.32294        0.430283         1.62227          1.70614
  0.6    0.00105806   -0.0370554    10.1684         -0.625227         5.00764       -10.9851       -0.433588      -1.42593         20.731       0.740504     -4.93049      -13.5981         -0.408111          1.04132             -1.51848       0.477304         0.542647         0.174636     -0.00156558    0.0572503     10.7213        -0.679315         4.48431        -28.6269      -0.247536       -2.30992        17.9667      1.0307       -1.0493       -23.7001         -0.409229          1.05301            -5.03615        0.477304         0.542647         0.174636
  0.65  -3.43698e-05  -0.0130453    -5.31472        -0.345832         5.79919        -8.51221      -0.392422      -0.836749       -28.6515      0.426289     -6.28318      -10.0759         -0.154828          3.29419             -2.14464       0.190718        -4.14853         -1.30002       0.000121402   0.0201296     -5.26454       -0.382455         6.36983         -6.17676     -0.273543       -0.226027      -25.1254      0.719029     -6.28347       -5.93465        -0.155711          3.29352            -1.1617         0.190718        -4.14853         -1.30002
  0.7   -0.000414738  -0.00446046   -4.3729         -0.08654          4.49355         4.47948      -0.362129       5.64421        -29.9833      0.191513     -2.92722       -3.30683        -0.0564113         1.17524             -0.151357      0.0670436       -1.53721         -2.16327       0.00070762    0.00685991    -3.19476       -0.0630672        6.86448         15.0793      -0.260176        0.559044      -23.892       0.404868     -6.28322        0.345423       -0.057138          1.20007             1.7041         0.0670436       -1.53721         -2.16327
  0.75  -0.000540628  -0.00139423   -8.48672         0.081483         2.60287        26.6146       -0.309459      -0.270713       -29.8176      0.104093     -1.06573       10.4033         -0.0204438         0.426727             3.31408       0.0225592       -0.574844        -1.70716       0.000900537   0.00212224    -3.46931        0.185901         3.52319         30           -0.204874        1.43922       -17.6325      0.186846     -2.66616        8.49642        -0.0214421         0.434203            2.67096        0.0225592       -0.574844        -1.70716
  0.8   -0.000575738  -0.000302703  -4.68278         0.176421         1.14698        30            -0.118263       2.42145        -26.4866      0.0719162    -0.398997      12.9249         -0.00869563        0.149199             4.0381        0.00536866      -0.194371        -1.37832       0.000953166   0.000435429   -2.20204        0.300567         1.41155         30           -0.119985        1.84672        -8.32096     0.107107     -0.974392      11.9991         -0.00830532        0.163896            3.62339        0.00536866      -0.194371        -1.37832
  0.85  -0.00057863    8.25153e-05  -3.00558         0.0790627       -2.71228        30            -0.0362928      1.20915         -8.603       0.386079      6.28313        8.62425        -0.270845         -3.45229              3.32325       0.000777006     -0.0405968       -0.461414      0.000956011  -0.000160281   -2.23576        0.208835        -2.59331         30           -0.0260796       1.89136         0.54388     0.421259      6.28309        8.34407        -0.270223         -3.46153             3.03074        0.000777006     -0.0405968       -0.461414
  0.9   -0.000570233   0.000215939  -2.99886        -0.1072          -3.92836        27.6599        0.0108558      0.741988        16.9207      0.68964       5.0102         8.42998        -0.371587         -1.19432              3.72222       0.00172497       0.0360415        0.869843      0.00094149   -0.000364718   -3.25246        0.0130532       -4.4031          29.4909       0.0704264       1.90563         9.51679     0.717174      4.56635       10.7338         -0.371601         -1.20907             4.13282        0.00172497       0.0360415        0.869843
  0.95  -0.000558043   0.00025878   -0.606474       -0.278146        -3.09247        15.2201        0.164243       3.69168         29.9025      0.837385      1.76509        4.74564        -0.408052         -0.468839             2.88078       0.00135237      -0.0449063        1.54178       0.000921129  -0.000429782   -1.4703        -0.171212        -4.18663         28.8874       0.140019        1.08944        15.9477      0.851681      1.60419       11.5469         -0.407738         -0.425715            4.91819        0.00135237      -0.0449063        1.54178
  1     -0.000544721   0.000269886  -1.43488        -0.415577        -2.20663        -9.23184       0.177769       0.757474        29.9264      0.888897      0.605024      -8.2221         -0.421803         -0.163955            -1.57297       0.00166704       0.022763         1.59826       0.000899053  -0.000446418   -0.943264      -0.341319        -2.92395          4.28013      0.158173       -0.143904       16.1213      0.898347      0.54518       -3.23675        -0.421429         -0.185901            0.597774       0.00166704       0.022763         1.59826
  1.05  -0.00053123    0.000269001  -1.1824         -0.499231        -1.11324       -20.186         0.0911497     -1.39452         28.4353      0.906031      0.190807     -13.5304         -0.42692          -0.0644267           -3.45168       0.0021229       -0.000613928      1.55252       0.000876745  -0.000444695   -2.15714       -0.481104        -3.08222        -24.7513       0.134274       -0.584645       12.6718      0.913636      0.16731      -16.9952         -0.427156         -0.0509859          -4.04068        0.0021229       -0.000613928      1.55252
  1.1   -0.00051789    0.000264985  -0.4345         -0.524428        -0.0436426     -20.763         0.0441846     -0.69438         18.4117      0.910892      0.0431419    -14.3509         -0.429074         -0.031209            -3.5161        0.00141041      -0.0245483        1.01961       0.000854723  -0.000437105   -1.55645       -0.572518        -1.02768        -30            0.0876191      -1.13738         6.91977     0.917734      0.032723     -18.2769         -0.428755         -0.0210166          -4.84263        0.00141041      -0.0245483        1.01961
  1.15  -0.000504822   0.000258605  -1.13454        -0.504287         0.707102      -14.8834        0.0165454     -0.465291         0.73849     0.911396     -0.00895263   -12.1891         -0.430218         -0.0168741           -2.61875      -0.000189921     -0.0355147        0.0460571     0.000833175  -0.000426744   -1.27927       -0.552882         0.767816       -29.471        0.0201945      -1.31646         0.896104    0.917865     -0.0147104    -17.5553         -0.430368         -0.0271321          -4.74096       -0.000189921     -0.0355147        0.0460571
  1.2   -0.00049206    0.000252272  -1.56506        -0.339735         4.17301       -28.1691       -0.00277778    -0.3359         -15.0905      0.604326     -6.28328      -10.3245         -0.165716          3.53616             -3.38458      -0.00177179      -0.0368686       -0.790985      0.000812116  -0.000416732   -1.03731       -0.400421         4.46564        -29.6508      -0.0358448      -1.08594        -3.53366     0.610706     -6.28324      -10.0312         -0.16532           3.54675            -3.58314       -0.00177179      -0.0368686       -0.790985
  1.25  -0.000479617   0.000246207  -1.23927        -0.115317         4.2552         -6.9454       -0.0147022     -0.159286       -22.9355      0.294026     -5.59459       -7.0992         -0.0599444         1.29738             -0.949395     -0.00272011      -0.00422602      -1.11607       0.000791576  -0.000405778   -0.0805409     -0.178457         3.97047        -18.5238      -0.0731262      -0.487996       -7.37265     0.300319     -5.60361      -12.2647         -0.0595185         1.29752            -2.58045       -0.00272011      -0.00422602      -1.11607
  1.3   -0.000467488   0.000239961  -1.46403         0.0344129        2.13735        17.0465       -0.0184259     -0.00369512     -23.9074      0.12772      -2.01281        3.86981        -0.021019          0.477537             1.10867      -0.00269226       0.00534948      -1.17099       0.00077155   -0.000395568   -1.14667       -0.0303642        2.27721         10.8948      -0.0887911      -0.173529       -9.05087     0.133681     -2.01801        0.888726       -0.0203383         0.483588            0.21521       -0.00269226       0.00534948      -1.17099
  1.35  -0.00045566    0.000233663  -0.946396        0.100899         0.732831       23.2335       -0.0146229      0.134549       -17.6491      0.0676588    -0.731318       9.33345        -0.00650316        0.181088             2.79916      -0.0021191        0.0159383       -0.856789      0.000752034  -0.000385766   -1.95317        0.0503641        1.11194         25.9047      -0.0887085       0.144822       -8.83328     0.0734064    -0.735024      10.5436         -0.00567398        0.180767            3.16384       -0.0021191        0.0159383       -0.856789
  1.4   -0.000444138   0.000227662  -1.253          -0.00583017      -2.6221         30            -0.00659123     0.203438        -6.68978     0.381818      6.2832         9.81629        -0.320473         -6.27369              4.23164      -0.00178031       0.00852201      -0.334121      0.000733009  -0.000375801   -1.65212       -0.00194726      -1.8948          30           -0.0791438       0.382896       -7.27495     0.387566      6.2832         9.83143        -0.319754         -6.27631             4.21559       -0.00178031       0.00852201      -0.334121
  1.45  -0.000432898   0.000222167  -0.424314       -0.176341        -4.08776        28.2024        0.0050979      0.228279         5.05145     0.695979      6.28323        8.78275        -0.616564         -4.61995              3.91114      -0.00023875       0.0364531        0.245199      0.000714466  -0.000365544   -1.59014       -0.147768        -4.51776         29.7733      -0.0503332       0.833244       -3.93177     0.701726      6.28322        9.77618        -0.616591         -4.62895             4.06708       -0.00023875       0.0364531        0.245199
  1.5   -0.000421944   0.000216626   1.19249        -0.413115        -5.18083        17.4239        0.0136222      0.117197        13.3818      1.01014       6.28319        0.840696       -0.753532         -1.65086              2.01854       0.00111577       0.0204205        0.706646      0.000696404  -0.000357733   -1.17921       -0.379477        -4.90333         26.3343      -0.0108627       0.773338       -0.561558    1.01589       6.28317        5.15545        -0.753618         -1.65082             3.27263        0.00111577       0.0204205        0.706646
  1.55  -0.000411277   0.00021063    2.96799        -0.688277        -5.54361         2.50305       0.0153896     -0.0409739       15.6829      1.3243        6.28317       -8.29866        -0.802948         -0.620497             0.236979      0.00155546      -0.00558643       0.901963      0.000678781  -0.000348757   -0.0994465     -0.64161         -5.09975         12.3807       0.0246007       0.563502        2.97791     1.33004       6.283         -4.29355        -0.802834         -0.611985            1.8075         0.00155546      -0.00558643       0.901963
  1.6   -0.000400867   0.000205386   1.15129        -0.913363        -3.02375       -28.7163        0.0117481     -0.0911972       10.602       1.58415       3.38996      -13.7386         -0.820719         -0.205064            -4.12667       0.00140152      -0.0086092        0.735296      0.000661589  -0.000339677    1.16775       -0.881143        -3.77306        -25.5883       0.0507904       0.416252        6.22584     1.58949       3.3793       -13.3627         -0.820973         -0.205004           -3.62172        0.00140152      -0.0086092        0.735296
  1.65  -0.000390724   0.000199769  -0.770334       -0.98206          0.074792      -29.7575        0.0057183     -0.135048         0.773217    1.68331       1.16902      -12.0864         -0.827257         -0.109923            -4.82786       0.00025516      -0.0502386        0.103704      0.000644865  -0.00033041     1.52871       -0.971796         0.578869       -29.9631       0.0513363      -0.487452        5.93277     1.68828       1.16353      -12.2135         -0.827137         -0.0994206          -4.90415        0.00025516      -0.0502386        0.103704
  1.7   -0.000380841   0.000195572  -3.27287        -0.932501         1.53526       -15.3394        0.00100952    -0.0600291       -7.18561     1.71662       0.375486     -10.9523         -0.829737         -0.0125885           -3.19091      -0.00142349      -0.0205585       -0.537081      0.000628552  -0.000322506    1.07411       -0.934561         1.01957        -22.045        0.0282567      -0.471686        3.35156     1.72139       0.371933     -12.9936         -0.829425         -0.0103355          -4.38409       -0.00142349      -0.0205585       -0.537081
  1.75  -0.000371212   0.000190333  -3.24791        -0.849302         1.58646         6.05205      -0.000128627    0.00381099      -8.9226      1.72643       0.0927211     -4.60334        -0.829189          0.0235558            0.344824     -0.0017406        0.00379598      -0.730325      0.000612648  -0.000313972    0.0652595     -0.873222         1.27529          0.605429     0.00369729     -0.491513        0.0304223   1.73105       0.0899554     -6.58488        -0.828802          0.0240326          -0.645317      -0.0017406        0.00379598      -0.730325
  1.8   -0.000361818   0.000185886  -2.40978        -0.86854         -1.7817         29.9755        0.000677781    0.0980628       -5.14601     1.97296       5.62733      -15.7263         -0.989167         -1.87222              2.32041      -0.00169373       0.0281729       -0.458986      0.000597154  -0.000306673   -1.14496       -0.895084        -2.48273         29.6186      -0.0204013      -0.131083       -3.64842     1.97697       5.6356       -16.1967         -0.988492         -1.88627             2.17739       -0.00169373       0.0281729       -0.458986
  1.85  -0.000352661   0.000180851   0.13906        -0.955841        -1.80677        20.4984        0.00362366     0.0207222        0.131904    2.13844       1.96796       13.4354         -1.04478          -0.678063             5.1058       -0.000395752      0.0221122       -0.0213042     5.12412e-06  -0.115684      -1.26887       -0.982488        -1.46066         23.0424      -0.0298796      -0.0604235      -2.52557     2.14254       1.94636       14.7122         -1.04463          -0.685859            5.6052        -0.000395752      0.0221122       -0.0213042
  1.9    0.00276059    0.214319      2.03788        -1.03659         -1.24047         5.53717       0.00433284    -0.022417         4.90036     2.19441       0.581551      -1.88671        -1.06521          -0.252581             0.119546      0.000336291      0.00826865       0.504754     -0.0111422    -0.227461      -1.71268       -1.04446         -0.98095         14.715       -0.0156353       0.505913       -3.706       2.19568       0.586987      -2.00428        -1.06562          -0.25785             0.038115       0.000336291      0.00826865       0.504754
  1.95   0.0117112     0.123204      1.51976        -1.06893         -0.190234        8.57152       0.00600179     0.0229451        3.50644     2.20934       0.145531      -7.80699        -1.07258          -0.0843049           -2.17604       0.000243276     -0.00919738       0.458634     -0.0187232    -0.0809685     -0.848131      -1.0712          -0.168824        20.2185       0.0201951       0.74622        -2.5767      2.21147       0.17457       -8.33443        -1.07324          -0.0783683          -2.35999        0.000243276     -0.00919738       0.458634
  2      0.0136158    -0.0167485     0.0208552      -1.06171          0.306893       13.6239        0.00604183     0.00752314      -0.457268    2.21308       0.031519      -7.27247        -1.07465          -0.0165939           -1.12242      -0.000340315     -0.0120291       -0.0250454    -0.0195781     0.0216004      0.778721      -1.06769          0.190568        23.4751       0.0481188       0.378959        0.898672    2.21573       0.0430584     -6.99844        -1.07474           0.0014782          -0.845235      -0.000340315     -0.0120291       -0.0250454
  2.05   0.00508984   -0.137592     -0.830972       -0.933712         4.35153       -27.6949        0.00308824    -0.05691         -2.26944     1.94566      -6.28302        5.01915        -0.781282          4.48834             -4.45726      -0.000796949     -0.0133449       -0.237463     -0.00799395    0.220698       0.988965      -0.903279         4.81305        -27.9223       0.029587       -0.531675        3.50221     1.94673      -6.28307        4.66036        -0.781439          4.4966             -4.73009       -0.000796949     -0.0133449       -0.237463
  2.1    0.00102162   -0.048811     -0.517652       -0.694858         4.58338         1.26814       0.00241842     0.0145973       -1.10213     1.6315       -6.28304       -9.51303        -0.646671          1.65506             -0.324683     -0.000575393      0.0147258       -0.0672895    -0.00147031    0.0782375      0.24637       -0.689265         3.72246          2.44165      0.0188035      -0.110195        1.5514      1.63257      -6.28307       -9.16824        -0.646381          1.66044            -0.153184      -0.000575393      0.0147258       -0.0672895
  2.15  -0.000413517  -0.0170637     0.263839       -0.515908         2.25913        29.0969        0.0024633     -0.00596084      -0.367083    1.3589       -3.73844       -3.60709        -0.598028          0.581657             2.76875      -0.000734414     -0.00527507      -0.0738897     0.000828236   0.0272922      0.11456       -0.509312         2.27059         29.6493       0.00297224     -0.261984       -0.0837049   1.36136      -3.70375       -3.42845        -0.597672          0.579475            2.84808       -0.000734414     -0.00527507      -0.0738897
  2.2   -0.000907154  -0.00571343    0.162257       -0.480754        -0.0585364      26.4721        0.00312877     0.00741237      -0.16301     1.24729      -1.35984       -0.421896       -0.579542          0.222141             2.53535       2.19889e-05      0.0073534       -0.0333814     0.00161624    0.00908633    -0.0510919     -0.499617        -0.320052        28.4891      -0.00171196     -0.146793       -0.768639    1.25074      -1.34868        0.462951       -0.579275          0.221927            2.85423        2.19889e-05      0.0073534       -0.0333814
  2.25  -0.00106455   -0.00166454    0.129539       -0.510505        -0.897828       14.0592        0.00309945    -0.00541105       0.0546477   1.20626      -0.508368      -1.31031        -0.573243          0.0702127            1.36164       8.07463e-05     -0.00220964      -0.00938378    0.00186473    0.00259018    -0.253347      -0.530453        -0.815707        16.3407      -0.0104543      -0.170601       -1.33901     1.21         -0.505627      -0.472407       -0.573093          0.0660762           1.71258        8.07463e-05     -0.00220964      -0.00938378
  2.3   -0.00110213   -0.000225561  -0.149714       -0.429517         2.55445       -25.1189        0.00258091    -0.00978746       0.223365    0.903172     -6.28306       -5.88114        -0.354401          2.67043             -2.71649      -0.000203303     -0.00573849       0.0262633     0.00192108    0.000282673    0.30148       -0.426322         2.5237         -26.6331      -0.020388       -0.0993978      -0.406455    0.90685      -6.28304       -6.57985        -0.354716          2.66586            -2.94758       -0.000203303     -0.00573849       0.0262633
  2.35  -0.00109733    0.000280112  -0.0510477      -0.315            1.6051         -1.90476       0.00271455     0.00316112       0.811732    0.646837     -3.33683       -8.92978        -0.274548          0.967921            -1.30455      -0.000115212      0.00153637       0.0272684     0.00190951   -0.000525976    0.0612089     -0.325072         1.45231         -6.7304      -0.019025        0.0616697      -1.50046     0.650525     -3.33712      -11.195          -0.274942          0.96937            -2.05743       -0.000115212      0.00153637       0.0272684
  2.4   -0.00107783    0.000451961   0.0100002      -0.262525         0.714661        2.20255       0.00268984    -0.00314724       0.3643      0.547458     -1.20631       -4.04367        -0.245723          0.349403            -0.522361     -0.000121442     -0.00072614       0.00546367    0.00187444   -0.000799662   -0.0871118     -0.27515          0.71912          0.255017    -0.0151154       0.0891959      -0.936824    0.551099     -1.2076        -5.00108        -0.245966          0.353188           -0.828459      -0.000121442     -0.00072614       0.00546367
  2.45  -0.00105351    0.00050409    0.0153842      -0.238747         0.320815        3.82932       0.00243357    -0.00623888      -0.0744874   0.511285     -0.443842      -1.38565        -0.235301          0.126568             0.164474     -0.000162723     -0.00082511      -0.0125791     0.00183177   -0.000881593   -0.0919623     -0.249638         0.370595         4.01473     -0.0102319       0.10222        -0.415097    0.51485      -0.445475      -1.35286        -0.235349          0.130308            0.172587      -0.000162723     -0.00082511      -0.0125791
  2.5   -0.00102791    0.000514544   0.00560849     -0.22906          0.106741        4.28239       0.00210654    -0.00641532      -0.407157    0.497738     -0.170763      -0.588752       -0.231526          0.0457813            0.386105     -0.000203339     -0.000775265     -0.0276419     0.00178712   -0.000895726   -0.0717679     -0.23735          0.155952         5.688       -0.00516124      0.0981391       0.036876    0.501218     -0.172504       0.0113023      -0.231416          0.0483561           0.569664      -0.000203339     -0.000775265     -0.0276419
  2.55  -0.00100229    0.000509864  -0.00923316     -0.227463        -0.0185068       3.74901       0.00182964    -0.00459653      -0.583727    0.4923       -0.0727875     -0.626358       -0.230169          0.0162628            0.368991     -0.000238887     -0.000649993     -0.0358519     0.00174251   -0.000886808   -0.0252577     -0.233817         0.0102398        5.38255     -0.0007422       0.078374        0.446455    0.495694     -0.074516       0.0842155      -0.22997           0.0173535           0.586176      -0.000238887     -0.000649993     -0.0358519
  2.6   -0.000977089   0.000498386  -0.174842       -0.350614        -2.84403        30             0.00105454     0.00219824      -0.399667    0.806459      6.28303        5.44184        -0.543841         -6.27956              4.24798      -0.000763422     -0.0173836       -0.0284713     0.00169865   -0.000867926    0.151346      -0.360176        -4.47228         29.9419       0.00311417      0.364617        0.0758882   0.809854      6.28304        5.30167        -0.543131         -6.23807             4.2195        -0.000763422     -0.0173836       -0.0284713
  2.65  -0.000952396   0.000487944   0.178089       -0.541465        -4.43324        25.4567        0.00200071     0.00714466      -0.499478    1.12062       6.28302        4.03848        -0.798051         -3.29898              2.86501      -7.70023e-05      0.00809115      -0.0455386     0.00165577   -0.000849207    0.00802098    -0.569644        -4.69717         28.4432       0.0100918       0.0768961       0.627671    1.12401       6.28302        5.29328        -0.797524         -3.29696             3.31363       -7.70023e-05      0.00809115      -0.0455386
  2.7   -0.000928322   0.000475697   0.153854       -0.789233        -5.15843         9.18921       0.00165579    -0.0253465       -0.26879     1.43478       6.28304       -5.6315         -0.896349         -1.20772              0.789041     -5.85935e-05     -0.00892275      -0.0375792     0.0016139    -0.000827741   -0.124769      -0.810598        -4.50464         11.9352       0.00768119     -0.181233        0.289061    1.43817       6.28302       -4.83736        -0.895969         -1.2145              1.21748       -5.85935e-05     -0.00892275      -0.0375792
  2.75  -0.000904847   0.0004638    -0.345374       -1.01563         -3.35466       -25.9171        0.00101485     0.0191177       -0.220279    1.73728       4.9444       -16.7724         -0.932            -0.405636            -4.61899      -0.000201952      0.00087705      -0.00922312   -0.00463898   -0.379571      -0.754767      -1.01486         -1.89388        -26.7841       0.00767487     -0.0264987      -0.447237    1.73903       4.86608      -18.5799         -0.932526         -0.473596           -5.73158       -0.000201952      0.00087705      -0.00922312
  2.8    0.00852955    0.0260766    -0.097738       -1.06315          0.425162      -19.3704       -0.00157687    -0.0107242       -0.302868    1.87993       1.71517       -8.07793        -0.945095         -0.137994            -5.11756      -0.000836101     -0.00302204       0.0819541    -0.0161003    -0.0243763     -0.352691      -1.0443           0.465955       -13.5911       0.0211858       0.23165        -2.13317     1.88068       1.71226      -11.966          -0.946024         -0.136039           -6.57668       -0.000836101     -0.00302204       0.0819541
  2.85   0.00633231   -0.160177     -0.0476814      -1.03236          0.952294        7.74222       0.000675219    0.0215408       -0.464324    2.01605       1.89462       -7.49281        -0.993637         -0.567161            -0.466939     -0.000531611      0.00935167      -0.0462454    -0.0121226     0.178726       0.194701      -1.02148          0.85824         19.6683       0.0298096      -0.0575634      -0.0847221   2.01598       1.9198        -7.59854        -0.993719         -0.549852           -0.0735079     -0.000531611      0.00935167      -0.0462454
  2.9    0.00180131   -0.069336      0.249658       -1.01342          0.150558       20.0468        0.00221726     0.0299829       -0.121725    2.13817       1.51812        0.214501       -1.0443           -0.60359              3.24004      -6.09607e-05      0.00785748      -0.0637298    -0.00454313    0.0584205      0.645083      -0.99556         -0.468637        29.9212       0.0207208      -0.0835139       1.51661     2.1396        1.51779        2.06743        -1.04411          -0.591241            4.36878       -6.09607e-05      0.00785748      -0.0637298
  2.95   0.00152858    0.0485915     0.37145        -1.0228          -0.395718       16.1149        0.00274106    -0.0148559        0.470076    2.18141       0.481547       1.21669        -1.0623           -0.21965              2.52734       0.000140583      0.00144664       0.028543     -0.00574531   -0.0875027     -0.0169425     -1.02155         -0.627575        27.18         0.0146005      -0.0942529      -0.10231     2.18251       0.473298       2.93569        -1.06203          -0.226636            3.51958        0.000140583      0.00144664       0.028543
  3      0.00573322    0.0951573     0.295536       -1.04396         -0.368777       12.9757        0.00304697    -0.0196262        0.513148    2.19353       0.109193      -4.42375        -1.06889          -0.0787955            0.258007      4.19624e-05     -0.00310994       0.0756759    -0.0118281    -0.117205      -0.897282      -1.05225         -0.52346         22.9025       0.0179211       0.138916       -2.22103     2.19413       0.107143      -5.14871        -1.06917          -0.088499           -0.133428       4.19624e-05     -0.00310994       0.0756759