  time    PosLHipYaw    VelLHipYaw     ForLHipYaw    PosLHipPitch    VelLHipPitch    ForLHipPitch    PosLHipRoll    VelLHipRoll    ForLHipRoll      PosLKnee      VelLKnee     ForLKnee    PosLAnklePitch    VelLAnklePitch    ForLAnklePitch    PosLAnkleRoll    VelLAnkleRoll    ForLAnkleRoll    PosRHipYaw    VelRHipYaw    ForRHipYaw    PosRHipPitch    VelRHipPitch    ForRHipPitch    PosRHipRoll    VelRHipRoll    ForRHipRoll      PosRKnee      VelRKnee     ForRKnee    PosRAnklePitch    VelRAnklePitch    ForRAnklePitch    PosRAnkleRoll    VelRAnkleRoll    ForRAnkleRoll
------  ------------  ------------  -------------  --------------  --------------  --------------  -------------  -------------  -------------  ------------  ------------  -----------  ----------------  ----------------  ----------------  ---------------  ---------------  ---------------  ------------  ------------  ------------  --------------  --------------  --------------  -------------  -------------  -------------  ------------  ------------  -----------  ----------------  ----------------  ----------------  ---------------  ---------------  ---------------
  0      9.01446e-05   0                              0                0                            -0.00118489     0                           -1.14595e-05   0                             -0.000368504       0                                 -1.43191e-08      0                             -5.28712e-09   0                            -0.000157878     0                              0.000383347     0                          -2.15368e-08   0                             -0.00041347        0                                 -1.43191e-08      0
  0.05   3.07201e-05  -0.000715358    0.0120699       8.10772e-05      0.00649626      0.00365831   -0.000652091    0.00574618      0.0682992   -3.98047e-06   9.49019e-05    0.0759511      -0.000122894       0.00298582           0.117368      1.00802e-05      5.47152e-05     -0.00402989   -3.52823e-08   9.49309e-07   -0.0226318     -0.000237077     0.00290228       -0.0516921    0.0011474       0.0250019      -0.64944    -6.63567e-09   3.84171e-07    0.0365815      -0.00011374        0.00381046          0.101985       1.00802e-05      5.47152e-05     -0.00402989
  0.1    9.53301e-06  -0.000255349    0.000435305     0.000554283      0.0108463       0.136746     -0.000507965    0.00126391     -0.0160319   -1.24425e-06   3.11062e-05    0.137827       -3.28235e-05       0.00112168           0.13713       9.83372e-06     -5.39001e-05     -0.0083456    -9.02514e-09   5.58793e-07   -0.00722465     5.75392e-05     0.00733323        0.104064     0.00287486      0.0410834      -0.453117   -3.4197e-09   -8.76025e-07    0.10923         9.97004e-06       0.00170404          0.125578       9.83372e-06     -5.39001e-05     -0.0083456
  0.15   1.99335e-06  -9.05225e-05    0.00446068      0.00108527       0.00983017      0.252492     -0.000489874   -0.000100199    -0.0826248   -2.4261e-07    1.4063e-05     0.190904        1.34669e-06       0.000422448          0.152341      6.80704e-06     -6.76138e-05     -0.011301     -2.41585e-09  -1.86265e-07   -0.00876352     0.000422393     0.00672481        0.237993     0.00514934      0.0475823      -0.213259   -1.38534e-08  -1.35624e-06    0.17059         7.08983e-05       0.000927972         0.143347       6.80704e-06     -6.76138e-05     -0.011301
  0.2   -6.69239e-07  -3.18504e-05    0.0046178       0.00147569       0.00587421      0.323495     -0.000502297   -0.000262074    -0.126927     9.40636e-08   5.12228e-06    0.22368         1.44728e-05       0.000166148          0.161976      3.46103e-06     -6.30039e-05     -0.0133816     2.33069e-09   0             -0.0050995      0.000679116     0.0036188         0.3112       0.00747794      0.0443908       0.0178372  -1.39698e-09   1.88593e-06    0.204313        0.000105494       0.000533461         0.153454       3.46103e-06     -6.30039e-05     -0.0133816
  0.25  -1.5847e-06   -1.06168e-05    0.00449857      0.00163648       0.001054        0.341547     -0.000507976    4.56348e-05    -0.143887     2.25846e-07  -5.58794e-07    0.232133        1.87662e-05       3.05478e-05          0.164478      1.48988e-06     -2.77068e-05     -0.0141947     5.2147e-09    1.86265e-07   -0.00177983     0.000759269     4.70318e-06       0.317158     0.00942042      0.0333365       0.202203    1.74623e-09   1.62982e-07    0.207082        0.000124923       0.00028424          0.15439        1.48988e-06     -2.77068e-05     -0.0141947
  0.3   -1.89955e-06  -4.399e-06     -0.0961865      -0.121559        -2.8376         30            -0.000906481    0.00194127      0.039683     0.31416       6.2832        10.7603         -0.313528         -6.28                 4.45422      -0.000470638     -0.0200707       -2.62805e-06  -7.12987e-09  -6.05815e-07    0.34632       -0.128858       -2.6231           29.9742       0.0118946      -0.0319725      -0.0616204   0.314159      6.28318       10.752          -0.313332         -6.27537             4.46406       -0.000470638     -0.0200707       -2.62805e-06
  0.35  -1.95609e-06  -9.12179e-07    0.213419       -0.302686        -3.96788        27.4528        0.000170718    0.0106249      -0.00242719   0.628319      6.28321        9.47853        -0.625856         -6.247                4.49741       0.00022921       0.00970561      -0.0112795    -2.72394e-10  -3.67436e-08    0.1948        -0.328503       -4.48412          29.4573       0.0172994       0.118673       -0.208437    0.628319      6.28318       10.3366         -0.625591         -6.23799             4.7739         0.00022921       0.00970561      -0.0112795
  0.4   -1.9486e-06    6.08271e-07    0.11189        -0.524814        -4.94782        19.5339        0.000224681   -0.00555405     -0.142866     0.942479      6.28315        2.76826        -0.908071         -4.05803              2.93439       0.000471058      0.0014904       -0.0135578    -3.5584e-09    3.6016e-08     0.0869796     -0.563579       -5.06855          25.9133       0.0191553      -0.0181541      -0.388776    0.942478      6.28318        5.34847        -0.907526         -4.05876             3.87514        0.000471058      0.0014904       -0.0135578
  0.45  -1.91635e-06   6.05497e-07   -0.0168932      -0.79596         -5.72557         9.58885      -0.000261794   -0.0110631      -0.128277     1.25664       6.28322       -4.42865        -1.02823          -1.44444              1.45801       0.000438077     -0.00176505      -0.015383     -5.00222e-09   0             -0.046794      -0.8419         -5.84735          12.1075       0.0171865      -0.060463       -0.339095    1.25664       6.28317       -4.02763        -1.02787          -1.45197             1.9428         0.000438077     -0.00176505      -0.015383
  0.5   -1.87069e-06   1.01086e-06   -0.0960016      -0.903925        -1.07588       -30             0.000670576    0.0086912      -0.449294     1.11463      -3.06878       -2.61509        -0.716703          5.8427              -5.5278        0.000325917      0.00575074      -0.0322921     2.05705e-09   3.54521e-07    0.464848      -0.960584       -1.44377         -30            0.0119716      -0.0867917       1.48491     1.11315      -3.03498       -3.1868         -0.716615          5.83746            -5.49878        0.000325917      0.00575074      -0.0322921
  0.55  -1.82513e-06   1.28851e-06    0.0540314      -0.917512         0.393665      -30             0.00118168     0.00853854      0.438207     1.02221      -1.1416       -20.0024         -0.543084          2.09929             -4.01305       0.000465951      0.0016677        0.0175746    -0.00312347   -0.0322759     -0.739696      -0.988072        0.108707        -30            0.0107349       0.00511725     -1.01088     1.02078      -1.1446       -20.9302         -0.54335           2.09507            -4.35165        0.000465951      0.0016677        0.0175746
  0.6   -1.78078e-06   7.46764e-07   -0.0719108      -0.856176         1.90708       -30             0.00129142    -0.00547886      0.229579     0.986988     -0.4511       -18.2764         -0.480647          0.755162            -4.66171       0.000535483      0.00181891       0.00866465   -0.00132337    0.0314418     -0.385337      -0.941205        1.67183         -30            0.00986357     -0.0221679      -0.319797    0.986448     -0.436891     -18.2077         -0.480898          0.755609           -4.7754         0.000535483      0.00181891       0.00866465
  0.65  -1.73313e-06   5.85056e-07   -0.0855082      -0.718828         3.5493        -29.0663       -0.000163665   -0.0406124       0.129868     0.972281     -0.203002     -18.8802         -0.458425          0.255686            -4.73308       0.000405841     -0.0196331        0.0058348    -0.000392095   0.0112055     -0.496608      -0.801854        4.46817         -29.7782       0.00572586     -0.282512       -0.480235    0.972162     -0.197971     -18.8873         -0.45869           0.254154           -4.88593        0.000405841     -0.0196331        0.0058348
  0.7   -1.68949e-06   1.10856e-06   -0.232306       -0.533256         3.64833        -0.994475     -0.000551763    0.0102336      -0.0451125    0.964968     -0.113201      -8.18245        -0.44934           0.13665             -0.713298      0.000235395      0.00509854      -0.0037815    -6.10118e-05   0.00396794     0.00572723    -0.599249        3.65606         -19.0401       0.00426059      0.140911       -0.287149    0.964998     -0.111461     -16.5529         -0.450252          0.132138           -3.45123        0.000235395      0.00509854      -0.0037815
  0.75  -1.65086e-06   7.69979e-07    3.15109        -0.25079          5.13938        -3.46865      -0.106352       0.600473       28.9779       0.711957     -3.63831       -2.58734        -0.398991          0.589055             0.814645      0.295065         4.4343           0.63172       5.5422e-05    0.00138043     4.29285       -0.359834        5.10436         -22.6646      -0.0519588      -1.30284        23.557       0.983434      0.197756     -20.8218         -0.399936          0.617225           -4.23727        0.295065         4.4343           0.63172
  0.8   -1.60791e-06   8.99446e-07   -3.8953         -0.043467         3.20032        15.7038       -0.214121      -5.72325        29.6185       0.602947     -1.33526       -0.304531       -0.379833          0.266344             1.71747       0.428822         1.65791          1.03183       9.51225e-05   0.000454727   -2.23325       -0.11621         4.32467          -0.672125    -0.130351       -1.8535         20.2742      0.988054      0.0316024    -12.0528         -0.380637          0.259811           -0.74272        0.428822         1.65791          1.03183
  0.85  -1.56955e-06   4.77735e-07  -10.7336          0.0830678        1.75925        29.8743       -0.392349      -2.26214        25.3122       0.56223      -0.512505       9.7898         -0.372526          0.0877083            4.34942       0.476901         0.567747         0.568512      0.000107407   0.000125117  -11.1223         0.114032        3.91811          29.5159      -0.2524         -2.62841        15.7722      0.987796     -0.0265718      3.62124        -0.372701          0.0956357           3.73105        0.476901         0.567747         0.568512
  0.9   -1.5257e-06    1.28839e-06   -0.711561        0.214427         1.71339        30            -0.382578      -1.13782       -29.3392       0.287949     -4.35635       13.7566         -0.141941          2.8514               4.41084       0.191576        -4.13742         -0.958614      0.000109975   8.06759e-06    7.86092        0.348787        4.53093          30           -0.29934        -0.518734      -29.807       0.697022     -6.28365       15.1693         -0.143562          2.81658             4.97002        0.191576        -4.13742         -0.958614
  0.95  -1.48761e-06   5.74847e-07   -2.14604         0.233695        -0.541023       30            -0.415962      -0.18509       -30            0.15784      -1.58648       11.6312         -0.0572801         1.0219               3.96082       0.0687839       -1.49748         -1.98324       0.000109057  -3.3305e-05    10.3729         0.545351        3.35918          30           -0.294235        0.560141      -27.6185      0.382858     -6.28318       10.6715         -0.0598103         1.01394             4.43792        0.0687839       -1.49748         -1.98324
  1     -1.45439e-06   5.02519e-07   -3.58828         0.161792        -1.67728        27.2141       -0.344671       5.66539       -29.928        0.109909     -0.594907      11.8722         -0.0271966         0.319894             3.80456       0.0237844       -0.596226        -1.66389       0.000106963  -4.69038e-05    7.91009        0.620746        0.11754          30           -0.246731        1.26957       -21.7894      0.181449     -2.44323        9.87606        -0.0294942         0.372699            2.93769        0.0237844       -0.596226        -1.66389
  1.05  -1.41644e-06   6.58839e-07    2.58741         0.0572334       -2.07673         4.41108      -0.200388       4.0633        -28.9002       0.091412     -0.239605       1.00818        -0.0178449         0.0828252            0.599804      0.00654812      -0.229574        -1.5104        0.000104492  -5.05621e-05    2.84131        0.565221       -1.98457          30           -0.166628        1.83338       -13.1632      0.108272     -0.896231      12.5705         -0.017981          0.14778             3.85898        0.00654812      -0.229574        -1.5104
  1.1   -1.38074e-06   9.62451e-07    4.14437        -0.0414795       -1.78198       -16.6216       -0.0732135      1.70406       -19.1835       0.0834766    -0.11172       -8.54689        -0.0152426         0.0396625           -2.24156       0.000354841     -0.0580401       -0.969068      0.000101932  -5.17219e-05   -1.64564        0.40025        -3.2638           29.7333      -0.0636725       2.02023        -3.38254     0.0809996    -0.342207      13.0891         -0.0125392         0.0901413           4.1662         0.000354841     -0.0580401       -0.969068
  1.15  -1.34277e-06   5.75893e-07   -1.37211        -0.262218        -4.73086        14.183        -0.0114327      0.92559         2.56474      0.397631      6.28262        0.994687       -0.278192         -3.50543              1.20561       0.00031994       0.0141026        0.082165      9.93973e-05  -5.02245e-05   -2.35128        0.101934       -6.35127           3.62413      0.0371376       1.87162         5.63719     0.395149      6.28294       -3.86943        -0.276914         -3.5302             -0.0467267      0.00031994       0.0141026        0.082165
  1.2   -1.30684e-06   9.16931e-07    2.25423        -0.487903        -3.81757       -23.4075        0.0485093     -0.0354849      24.1946       0.704006      5.22153      -15.6135         -0.381961         -1.2287              -3.60861       0.00161208       0.0467153        1.20658       9.68881e-05  -4.91797e-05   -2.6372        -0.229976       -6.4713           -6.94973      0.117655        1.3598         13.0657      0.699284      5.04414       -8.99632        -0.381489         -1.2563             -1.0213         0.00161208       0.0467153        1.20658
  1.25  -1.27458e-06   8.92875e-07    2.98337        -0.430459         2.06759       -30             0.154021      -2.42636        29.8029       0.422148     -6.28352       -5.72342        -0.145249          2.96373             -1.87108       0.00170064       0.0404568        1.47394       9.44389e-05  -4.83386e-05   -2.13695       -0.327623       -0.706977        -30            0.15616         0.365377       16.5077      0.410975     -6.28324       -7.53896        -0.145152          2.94542            -1.8359         0.00170064       0.0404568        1.47394
  1.3   -1.24396e-06   2.32694e-07    0.0996431      -0.317051         2.07343       -30             0.150839      -2.43598        29.7049       0.20095      -2.71357      -18.3904         -0.0575744         1.06763             -5.15085       0.00241637       0.01615          1.46885       9.20608e-05  -4.71803e-05   -1.14852       -0.358621       -0.720764        -30            0.156865       -0.247959       13.9104      0.189098     -2.72088      -18.648          -0.0576597         1.05701            -5.06682        0.00241637       0.01615          1.46885
  1.35  -1.21726e-06   7.55086e-07    0.00374674     -0.198639         2.5099        -23.5247        0.0765058     -0.961023       28.6778       0.11968      -0.99529      -13.0979         -0.0262525         0.381239            -3.80313       0.00222142      -0.00996009       1.39091       8.97325e-05  -4.60976e-05   -0.333142      -0.381534       -0.137955        -30            0.130554       -0.72907        11.2061      0.107738     -0.993916     -15.9096         -0.0263217         0.37687            -4.67534        0.00222142      -0.00996009       1.39091
  1.4   -1.18439e-06   5.14775e-07    1.71967        -0.0745396        2.37835        -1.14245       0.0420328     -0.551206       18.2719       0.0893968    -0.379947      -1.76085        -0.0145925         0.144953            -0.349522      0.00148804      -0.0195847        0.872714      8.74652e-05  -4.498e-05     -0.642024      -0.361511        0.872196        -30            0.0851351      -1.02558         6.55585     0.0776199    -0.375571     -14.8509         -0.0152455         0.131237           -4.37152        0.00148804      -0.0195847        0.872714
  1.45  -1.15528e-06   4.44152e-07    1.43097         0.0274151        1.69046        16.2286        0.0178347     -0.445005        1.0007       0.0773873    -0.159145       6.75674        -0.0103305         0.0484011            2.21223       0.000213009     -0.0295239        0.0502753     8.52536e-05  -4.35874e-05   -1.34861       -0.281302        3.47141         -29.8979       0.0286676      -1.43466         1.18358     0.0658574    -0.153902     -14.3735         -0.0116295         0.0117494          -4.19263        0.000213009     -0.0295239        0.0502753
  1.5   -1.12447e-06   6.85464e-07    0.680918        0.08616          0.748613       23.0552       -0.00211764    -0.353685      -16.0252       0.071945     -0.0796214     10.1182         -0.00920281        0.00692774           3.19424      -0.00133489      -0.0303657       -0.757307      8.3095e-05   -4.2576e-05    -0.695586      -0.149285        2.29705         -17.3064      -0.0269943      -0.927264       -3.50847     0.0606864    -0.0741043     -8.57861        -0.0106431         0.0272198          -2.43748       -0.00133489      -0.0303657       -0.757307
  1.55  -1.09396e-06   6.03769e-07    0.691815        0.100212        -0.063774       20.4343       -0.0158078     -0.199604      -26.5331       0.0688783    -0.0506402      8.93498        -0.00930045       -0.00598413           2.81053      -0.00260251      -0.0197738       -1.25941       8.09896e-05  -4.16462e-05   -1.17478       -0.0455061       1.86797           9.88087     -0.0655978      -0.648425       -7.59733     0.0578974    -0.0450731      4.03953        -0.00905877        0.0326991           1.35046       -0.00260251      -0.0197738       -1.25941
  1.6   -1.07131e-06   3.48723e-07    0.975208        0.0813698       -0.587079       13.0098       -0.0207035     -0.0148494     -27.5326       0.0666886    -0.0397206      5.52382        -0.00956425       -0.00319276           1.78098      -0.00313777      -0.00294457      -1.31251       7.89163e-05  -4.18048e-05   -2.24173        0.0551556       2.13414          28.1163      -0.0935974      -0.47109        -9.94479     0.0559844    -0.034225      12.5981         -0.0080164        -0.0122791           3.8973        -0.00313777      -0.00294457      -1.31251
  1.65  -1.04162e-06   5.07908e-07   -2.04645        -0.0857466       -3.99917        26.7118       -0.0164672      0.154131      -20.5958       0.380851      6.2833         7.56582        -0.274729         -3.53328              2.80717      -0.00261134       0.0195028       -1.00262       7.69411e-05  -3.97981e-05   -1.7235         0.000348381    -1.90845          30           -0.10233         0.00781418    -10.1258      0.370143      6.28319        9.36576        -0.274036         -3.55553             3.32953       -0.00261134       0.0195028       -1.00262
  1.7   -1.01124e-06   4.4488e-07    -0.642851       -0.303896        -4.11096         6.36911      -0.00654509     0.220213       -8.01166      0.688015      5.2945        -0.819664       -0.379852         -1.27691              0.567162     -0.00168216       0.0147626       -0.4056        7.49867e-05  -3.91141e-05   -1.97651       -0.140741       -2.52967          29.9353      -0.0904087       0.33328        -8.24474     0.677457      5.30886       10.6414         -0.379109         -1.26923             3.82519       -0.00168216       0.0147626       -0.4056
  1.75  -9.88394e-07   5.58498e-07    0.550834       -0.450538        -2.09716       -15.9679        0.00461275     0.212542        5.02523      0.844079      1.86331       -7.7749         -0.417518         -0.448722            -1.47428      -0.00073451       0.0211336        0.266934      7.31101e-05  -3.77754e-05   -1.85495       -0.292144       -2.65998          26.0455      -0.0580424       0.736119       -4.42289     0.834048      1.87156       11.826          -0.415824         -0.44064             4.64043       -0.00073451       0.0211336        0.266934
  1.8   -9.62937e-07   9.90554e-07    1.27876        -0.51419         -0.666023      -20.1226        0.0134687      0.141221       14.229        0.898396      0.636662     -11.5766         -0.43043          -0.147373            -2.88136       0.000271835      0.0179261        0.757711      7.12558e-05  -3.63464e-05   -0.436584      -0.401512       -1.89805           6.27958     -0.0217255       0.702375       -0.697793    0.888706      0.642646      -0.340394       -0.429313         -0.170577            1.04957        0.000271835      0.0179261        0.757711
  1.85  -9.40185e-07   5.85476e-07    1.847          -0.518906         0.300515      -15.254         0.017778       0.039031       17.0075       0.916352      0.198543     -10.2377         -0.434379         -0.0399232           -2.47628       0.000904225      0.00767116       0.92262       6.94484e-05  -3.5709e-05     0.473862      -0.479099       -1.23988         -13.6494       0.0101319       0.572515        2.78033     0.906935      0.203765     -10.3926         -0.434601         -0.0658572          -2.207          0.000904225      0.00767116       0.92262
  1.9   -9.1394e-07    2.48576e-07   -0.0589017      -0.369039         3.91744       -27.6966        0.0171329     -0.0618134      13.5749       0.61097      -6.28324       -8.61485        -0.16958           3.52441             -3.16804       0.000873275     -0.0135333        0.703829      6.76888e-05  -3.46685e-05    0.502983      -0.43218         2.07915         -30            0.0371361       0.371655        5.17596     0.600704     -6.28322       -9.71986        -0.169757          3.53856            -3.51819        0.000873275     -0.0135333        0.703829
  1.95  -8.9013e-07    8.68455e-07   -0.29799        -0.154132         4.09272        -8.11779       0.0128971     -0.099378        7.04138      0.302067     -5.4631        -7.453          -0.0643214         1.28694             -1.11808       0.000408124     -0.00446664       0.369268      6.59801e-05  -3.35015e-05   -0.0238975     -0.262752        3.60172         -27.6446       0.0436285       0.0542611       4.56881     0.292103     -5.43425      -15.8522         -0.0650846         1.26272            -3.7804         0.000408124     -0.00446664       0.369268
  2     -8.71264e-07   3.16095e-07    0.410555       -0.0083343        2.12225        13.9226        0.00668372    -0.137152       -0.895298     0.139511     -1.97042        2.52232        -0.0259718         0.464302             0.734905     -5.74032e-05     -0.0116988       -0.0471667     6.43126e-05  -3.29863e-05    0.187277      -0.134735        2.00314         -12.9991       0.0462957       0.0115663       4.8369      0.130493     -1.95733       -9.75906        -0.0270697         0.469768           -3.00125       -5.74032e-05     -0.0116988       -0.0471667
  2.05  -8.4486e-07    4.33796e-07   -1.91008        -0.0177021        0.243739       -3.80379      -0.158993      -5.69066        28.4072       0.364003      2.83866       -5.45783        -0.241602         -2.58996             -1.04618       0.29526          4.54576          0.61188       6.26814e-05  -3.19829e-05    0.664596      -0.121365        0.199246        -28.21        -0.00138548     -1.22315        24.6888      0.433401      6.28322      -19.8935         -0.242562         -2.61951            -5.58547        0.29526          4.54576          0.61188
  2.1   -8.23535e-07   8.02247e-07   -4.54648         0.0120757        0.627894        8.266        -0.334569      -3.15031        27.9962       0.447579      0.995935       2.8498         -0.318351         -0.916847             1.43791       0.429374         1.61936          1.27302       6.10966e-05  -3.11011e-05   -0.684156      -0.0959159       1.036           -21.0534      -0.0821326      -1.94877        21.3683      0.730305      4.61104      -13.5726         -0.319887         -0.916675           -2.84567        0.429374         1.61936          1.27302
  2.15  -8.04381e-07   1.8584e-07    -5.4049          0.0343177        0.237831       11.7634       -0.436446      -1.41151        13.8981       0.476512      0.337307       3.26502        -0.346007         -0.345371             2.12078       0.476343         0.544166         0.107635      5.95487e-05  -3.12553e-05   -4.83824       -0.0189906       1.68004           9.90827     -0.203786       -2.82816        16.74        0.866341      1.62643        1.54382        -0.346177         -0.302475            2.07068        0.476343         0.544166         0.107635
  2.2    0.00360854    0.0688582     -2.16815         0.0160221       -0.418773        8.30298      -0.533659      -2.3002         -6.57344      0.485744      0.0865797      1.19746        -0.356477         -0.127688             1.52167       0.4922           0.190194        -0.874038      5.80307e-05  -2.76931e-05  -10.2929         0.0646216       0.3032           28.8995      -0.363375       -3.09329         7.90836     0.913874      0.559472       8.42652        -0.354293         -0.0851492           4.18417        0.4922           0.190194        -0.874038
  2.25   0.00206443    0.211445     -10.2634         -0.209936        -4.89193        29.1551       -0.645167      -1.63156       -30            0.74503       3.45474        6.64974        -0.403297         -0.562363             3.09981       0.200662        -4.38682         -1.67472       5.65882e-05  -2.88587e-05    1.9493         0.118282        0.158814         30           -0.462182       -1.28685       -30           0.906797     -0.0987269      8.91976        -0.405148         -0.624869            3.96565        0.200662        -4.38682         -1.67472
  2.3    0.00508922   -0.0536242     -7.37668        -0.354902        -1.7451         15.0764       -0.648345       0.890032      -29.2709       0.843828      1.12544        4.02997        -0.422601         -0.258482             2.25532       0.0705622       -1.56863         -2.06287       5.51505e-05  -2.81551e-05    0.977539       0.0780902      -1.5433           30           -0.488394        0.218029      -30           0.903201     -0.056194       8.41989        -0.423686         -0.208093            3.61541        0.0705622       -1.56863         -2.06287
  2.35  -0.00253178   -0.197031       6.85745        -0.406464        -0.61808       -11.1511       -0.56428        2.31425       -24.2243       0.875219      0.349418     -11.9356         -0.430896         -0.107191            -2.70698       0.0240534       -0.560518        -1.53737       5.37267e-05  -2.93673e-05   -2.80491       -0.0440793      -2.5265           29.9946      -0.449224        1.39695       -27.2075      0.900898     -0.0406137      7.9181         -0.429277         -0.068204            3.78734        0.0240534       -0.560518        -1.53737
  2.4   -0.0111466    -0.124523       9.2597         -0.424631        -0.215925      -22.9719       -0.415833       3.44996       -18.1107       0.885204      0.122056     -18.147          -0.433869         -0.0270778           -4.50731       0.00744615      -0.19994         -1.09169       5.24046e-05  -2.627e-05     -6.35778       -0.239811       -3.85835          28.1236      -0.333936        2.95057       -20.7294      0.899056     -0.0347606      4.73792        -0.429831         -0.0177379           3.5956         0.00744615      -0.19994         -1.09169
  2.45  -0.00246335    0.056054     -12.3117         -0.600213        -2.99552        29.4858       -0.162828       4.52578       -15.8593       1.18783       6.28266       -5.13508        -0.748064         -6.29172              4.11375       0.000403181     -0.0863235       -1.03197       5.10744e-05  -2.62809e-05   -2.02769       -0.521568       -6.07811           9.60224     -0.160001        3.93137       -11.2949      1.19315       6.28247      -17.3214         -0.744057         -6.28135             0.981737       0.000403181     -0.0863235       -1.03197
  2.5   -0.000799433   0.0200394     -0.405453       -0.814174        -4.93912        22.2701       -0.0178918      1.91785         6.17122      1.50199       6.28285       -7.66532        -0.960183         -2.56525              2.30415       0.000536872      0.0406044        0.31439       4.97664e-05  -2.60226e-05    1.75595       -0.854319       -7.12822          -4.3817       0.043807        3.99376        10.1109      1.50729       6.28288      -22.0989         -0.959605         -2.61269            -1.81336        0.000536872      0.0406044        0.31439
  2.55   0.00223448    0.545778       9.44347        -1.06476         -4.2227        -11.8154        0.270209       6.27078        29.5077       1.81435       5.86251      -24.433          -1.0363           -0.923684            -4.55529      -0.000947238     -0.00339146       2.30169      -0.0209929    -0.821243       8.59013       -1.15512        -4.81752         -27.0363       0.231783        3.09431        22.4813      1.77087       3.8091       -29.8216         -1.03639          -0.942566           -9.01653       -0.000947238     -0.00339146       2.30169
  2.6    0.0213284     0.230543       9.60219        -1.14921          0.697287        2.37971       0.433918       1.15604        30            2.05641       3.16017      -18.3874         -1.06347          -0.299852            -9.86245      -0.00121139      -0.0390492        3.04058      -0.0394544    -0.118889       8.4485        -1.22032         0.0700696       -21.5375       0.330785        0.359938       20.5217      1.92591       3.32245      -30              -1.06443          -0.321834          -12.7979        -0.00121139      -0.0390492        3.04058
  2.65   0.0188871    -0.395313      16.6812         -1.04252          2.28209        27.3949        0.238632      -4.30102        26.7013       2.15317       1.33964       -0.0130307      -1.07239          -0.0959851           -0.133359      0.000982151      0.0188555        2.25506      -0.0338118     0.331733       4.23295       -1.16019         1.95456          12.2879       0.300102       -1.99264        11.4766      2.1062        2.63251      -12.5952         -1.07318          -0.0727637          -3.39811        0.000982151      0.0188555        2.25506
  2.7    0.00610719   -0.160029       7.03902        -0.989023         0.349633       27.3075        0.104944      -1.65569         6.27387      2.19222       0.450315      -0.916359       -1.07439          -0.0404825            4.4396        0.000468292     -0.0549141        0.625169     -0.0131594     0.337746       3.31125       -1.01696         2.07477          30            0.136881       -3.59901         3.13419     2.18114       0.8354         2.6056         -1.07625          -0.0250572           4.61433        0.000468292     -0.0549141        0.625169
  2.75   0.00137415   -0.0568231     -5.76716        -1.00562         -0.728781       16.2642        0.055509      -0.602218      -15.1893       2.20436       0.122878      -5.1494         -1.07631          -0.0326388            2.23632      -0.00300876      -0.0665973       -1.50964      -0.00136671    0.130026      -1.42148       -0.964246        0.254601         30           -0.00324532     -2.15468        -5.18353     2.20511       0.272649       2.37334        -1.07658          -0.000739081         5.0509        -0.00300876      -0.0665973       -1.50964
  2.8    0.00547946    0.173877      -8.64524        -1.04186         -0.56306         9.39932       0.0369513     -0.125311      -18.9017       2.20508      -0.0714286     -6.66478        -1.07732          -0.00908354          -0.344447     -0.00485073      -0.0114289       -1.9358       -0.00623322   -0.188136      -4.97088       -1.0162         -1.27773          28.8975      -0.0543725      -0.372305      -10.0302      2.20889      -0.0103948     -0.40145        -1.07613           0.00622258          3.25626       -0.00485073      -0.0114289       -1.9358
  2.85   0.0113428     0.0641363     -3.87565        -1.05417         -0.0164505      12.6394        0.0273835     -0.10633        -7.83938      2.20196      -0.0668987     -7.94646        -1.07674           0.0233406           -1.37269      -0.00365956       0.0416928       -0.77991      -0.0164658    -0.172837      -5.31839       -1.06989        -0.847487         25.2821      -0.036648        0.902335       -8.81575     2.20528      -0.0759584     -6.81941        -1.07634          -0.0098703          -0.555265      -0.00365956       0.0416928       -0.77991
  2.9    0.011418     -0.0267222      2.05339        -1.04793          0.168701       14.6915        0.0244766      0.00313066      3.83599      2.19931      -0.061749      -6.9097         -1.07519           0.031399            -0.516957     -0.00134319       0.0401726        0.456979     -0.0225601    -0.0423936     -2.07631       -1.09485        -0.234575         27.5018       0.0167297       1.13285        -3.10848     2.20131      -0.0541198     -9.36593        -1.07602           0.0149008          -2.05308       -0.00134319       0.0401726        0.456979
  2.95   0.00908314   -0.0329854      3.79617        -1.04217          0.0506151      14.6071        0.0241885      0.0219906       7.18434      2.19711      -0.0621305     -5.46022        -1.07387           0.0183578            0.24353      -4.46178e-05      0.00849794       0.815052     -0.022284      0.0148543      1.37378       -1.09174         0.0317328        29.2493       0.0631506       0.627915        2.49826     2.19893      -0.0450124     -7.95229        -1.07484           0.0361673          -1.05469       -4.46178e-05      0.00849794       0.815052
  3      0.00744093   -0.01188        1.9633         -1.04264         -0.0413647      13.2538        0.0247147      0.0334658       3.37064      2.19499      -0.0544536     -5.70105        -1.07324           0.00731928           0.183316     -0.000281436     -0.0160005        0.392096     -0.0210026     0.0224179      2.39027       -1.08814         0.0560748        26.1825       0.0795111       0.0235433       4.32034     2.19686      -0.0445833     -5.29707        -1.07331           0.0225062           0.379765      -0.000281436     -0.0160005        0.392096