  time    PosLHipYaw    VelLHipYaw     ForLHipYaw    PosLHipPitch    VelLHipPitch    ForLHipPitch    PosLHipRoll    VelLHipRoll    ForLHipRoll      PosLKnee      VelLKnee      ForLKnee    PosLAnklePitch    VelLAnklePitch    ForLAnklePitch    PosLAnkleRoll    VelLAnkleRoll    ForLAnkleRoll    PosRHipYaw    VelRHipYaw    ForRHipYaw    PosRHipPitch    VelRHipPitch    ForRHipPitch    PosRHipRoll    VelRHipRoll    ForRHipRoll      PosRKnee      VelRKnee     ForRKnee    PosRAnklePitch    VelRAnklePitch    ForRAnklePitch    PosRAnkleRoll    VelRAnkleRoll    ForRAnkleRoll
------  ------------  ------------  -------------  --------------  --------------  --------------  -------------  -------------  -------------  ------------  ------------  ------------  ----------------  ----------------  ----------------  ---------------  ---------------  ---------------  ------------  ------------  ------------  --------------  --------------  --------------  -------------  -------------  -------------  ------------  ------------  -----------  ----------------  ----------------  ----------------  ---------------  ---------------  ---------------
  0      9.01446e-05   0                              0               0                             -0.00118489     0                           -1.14595e-05   0                              -0.000368504       0                                 -1.43191e-08      0                             -5.28712e-09   0                            -0.000157878     0                              0.000383347    0                           -2.15368e-08   0                             -0.00041347        0                                 -1.43191e-08      0
  0.05   3.07201e-05  -0.000715358    0.0120699       8.10772e-05     0.00649626       0.00365831   -0.000652091    0.00574618      0.0682992   -3.98047e-06   9.49019e-05    0.0759511       -0.000122894       0.00298582          0.117368       1.00802e-05      5.47152e-05     -0.00402989   -3.52823e-08   9.49309e-07  -0.0226318      -0.000237077     0.00290228       -0.0516921    0.0011474      0.0250019       -0.64944    -6.63567e-09   3.84171e-07    0.0365815      -0.00011374        0.00381046         0.101985        1.00802e-05      5.47152e-05     -0.00402989
  0.1    9.53301e-06  -0.000255349    0.000435305     0.000554283     0.0108463        0.136746     -0.000507965    0.00126391     -0.0160319   -1.24425e-06   3.11062e-05    0.137827        -3.28235e-05       0.00112168          0.13713        9.83372e-06     -5.39001e-05     -0.0083456    -9.02514e-09   5.58793e-07  -0.00722465      5.75392e-05     0.00733323        0.104064     0.00287486     0.0410834       -0.453117   -3.4197e-09   -8.76025e-07    0.10923         9.97004e-06       0.00170404         0.125578        9.83372e-06     -5.39001e-05     -0.0083456
  0.15   1.99335e-06  -9.05225e-05    0.00446068      0.00108527      0.00983017       0.252492     -0.000489874   -0.000100199    -0.0826248   -2.4261e-07    1.4063e-05     0.190904         1.34669e-06       0.000422448         0.152341       6.80704e-06     -6.76138e-05     -0.011301     -2.41585e-09  -1.86265e-07  -0.00876352      0.000422393     0.00672481        0.237993     0.00514934     0.0475823       -0.213259   -1.38534e-08  -1.35624e-06    0.17059         7.08983e-05       0.000927972        0.143347        6.80704e-06     -6.76138e-05     -0.011301
  0.2   -6.69239e-07  -3.18504e-05    0.0046178       0.00147569      0.00587421       0.323495     -0.000502297   -0.000262074    -0.126927     9.40636e-08   5.12228e-06    0.22368          1.44728e-05       0.000166148         0.161976       3.46103e-06     -6.30039e-05     -0.0133816     2.33069e-09   0            -0.0050995       0.000679116     0.0036188         0.3112       0.00747794     0.0443908        0.0178372  -1.39698e-09   1.88593e-06    0.204313        0.000105494       0.000533461        0.153454        3.46103e-06     -6.30039e-05     -0.0133816
  0.25  -1.5847e-06   -1.06168e-05    0.00449857      0.00163648      0.001054         0.341547     -0.000507976    4.56348e-05    -0.143887     2.25846e-07  -5.58794e-07    0.232133         1.87662e-05       3.05478e-05         0.164478       1.48988e-06     -2.77068e-05     -0.0141947     5.2147e-09    1.86265e-07  -0.00177983      0.000759269     4.70318e-06       0.317158     0.00942042     0.0333365        0.202203    1.74623e-09   1.62982e-07    0.207082        0.000124923       0.00028424         0.15439         1.48988e-06     -2.77068e-05     -0.0141947
  0.3   -1.88086e-06  -3.1668e-06     0.0045082       0.00157325     -0.0029424        0.31592      -0.000494526    0.000450935    -0.134118     2.44007e-07  -2.8871e-06     0.220449         1.9135e-05       -8.94107e-06         0.161011       1.14227e-06      5.72764e-06     -0.0137412     6.14602e-09   1.86265e-07   0.000186913     0.000680101    -0.00266875        0.273217     0.0106619      0.0173852        0.313805   -5.52973e-09  -5.82077e-08    0.186858        0.000132684       6.31408e-05        0.148429        1.14227e-06      5.72764e-06     -0.0137412
  0.35  -1.95353e-06  -5.59613e-07    0.00470903      0.00135725     -0.00514309       0.266351     -0.000462511    0.000770577    -0.104822     2.50991e-07  -1.02446e-06    0.197665         1.8023e-05       -2.71946e-05         0.154236       2.43867e-06      3.48782e-05     -0.0123646     5.2147e-09    0             0.000576678     0.000510583    -0.00372661        0.208849     0.0110513     -2.79397e-05      0.342323   -2.02272e-08  -4.71483e-07    0.157194        0.000131425      -9.0155e-05         0.139584        2.43867e-06      3.48782e-05     -0.0123646
  0.4   -1.94799e-06   3.7162e-07     0.00506507      0.00108625     -0.00537267       0.214315     -0.000419768    0.000892959    -0.0674266    2.61702e-07   2.23518e-06    0.17366          1.67005e-05      -2.01162e-05         0.147083       4.74276e-06      4.78702e-05     -0.0105933     6.14602e-09   1.86265e-07  -0.000359207     0.000331977    -0.00325181        0.152239     0.0106068     -0.0156647        0.293396   -1.44792e-08  -1.71131e-06    0.131084        0.000123487      -0.000209175        0.131733        4.74276e-06      4.78702e-05     -0.0105933
  0.45  -1.91172e-06   7.43967e-07    0.00544005      0.000848273    -0.00408577       0.17611      -0.000376754    0.00080588     -0.0338804    2.36556e-07   2.98023e-06    0.155962         1.58083e-05      -1.2666e-05          0.141792       7.27281e-06      4.78467e-05     -0.00900036    4.28338e-09  -1.86265e-07  -0.00222202      0.000205881    -0.00184109        0.120884     0.00949013    -0.0270063        0.185666   -6.67205e-09   2.47674e-06    0.116601        0.000111942      -0.000241304        0.127307        7.27281e-06      4.78467e-05     -0.00900036
  0.5   -1.87079e-06   7.44377e-07    0.00574908      0.000698199    -0.00206675       0.159414     -0.000342867    0.000556838    -0.013244     2.35625e-07   1.86265e-07    0.14815          1.54339e-05       1.11759e-06         0.139443       9.15199e-06      2.67517e-05     -0.00801148    3.35206e-09   0            -0.00455663      0.000158319    -0.000247828       0.118537     0.00796022    -0.0326269        0.04601     8.63656e-09   2.91766e-06    0.115492        9.90513e-05      -0.000250248        0.126852        9.15199e-06      2.67517e-05     -0.00801148
  0.55  -1.82424e-06   7.44809e-07    0.00587334      0.000650525    -0.000100397      0.163394     -0.000323764    0.000238419    -0.00956521   2.17464e-07  -2.51457e-06    0.149874         1.54693e-05       5.21578e-06         0.139931       9.87307e-06     -1.16379e-06     -0.00782244    3.26202e-09   1.68257e-07  -0.00694556      0.000180706     0.000922848       0.137786     0.00631539    -0.0322559       -0.0963367   9.7134e-09   -5.28235e-07    0.124352        8.67471e-05      -0.000227895        0.129377        9.87307e-06     -1.16379e-06     -0.00782244
  0.6   -1.77952e-06   9.31755e-07    0.00579175      0.000685982     0.00125347       0.181312     -0.000320138   -5.21658e-05    -0.0214417    2.37487e-07   4.65659e-07    0.158056         1.546e-05         7.44695e-07         0.142352       9.33639e-06     -1.84639e-05     -0.00837369    4.68049e-10   1.86265e-07  -0.0090031       0.00024258      0.00138372        0.165791     0.00483647    -0.02672         -0.215253    7.63612e-09  -6.36647e-07    0.137272        7.65789e-05      -0.000174716        0.133137        9.33639e-06     -1.84639e-05     -0.00837369
  0.65  -1.75381e-06  -1.02446e-06   -0.0735423      -0.122487       -2.83713         30            -0.000737456    0.00121789      0.132723     0.31416       6.2832        10.7592          -0.313523         -6.27988             4.45358       -0.000460668     -0.0201505        0.00446304   -8.30005e-09  -4.37558e-07   0.183802       -0.129356       -2.62073          29.9741       0.004843      -0.0697487       -0.697511    0.314159      6.2832        10.7509         -0.31343          -6.27632            4.46356        -0.000460668     -0.0201505        0.00446304
  0.7   -1.69115e-06   1.14678e-06    0.228196       -0.303542       -3.96658         27.4676        0.000292569    0.0094982       0.0344846    0.628319      6.28318        9.48481         -0.625848         -6.24693             4.49891        0.000233581      0.00960447      -0.00947809    3.30147e-10   1.13528e-07  -0.0593079      -0.328836       -4.48051          29.4571       0.00905852     0.108269        -0.915854    0.628319      6.28319       10.3374         -0.625737         -6.23904            4.77267         0.000233581      0.00960447      -0.00947809
  0.75  -1.6491e-06    1.03557e-06    0.109476       -0.525604       -4.9465          19.5469        0.000288658   -0.00666511     -0.167778     0.942479      6.28318        2.77432         -0.908068         -4.05819             2.93562        0.0004695        0.00137249      -0.0148601    -6.89249e-09  -4.68777e-07  -0.20486        -0.563731       -5.06516          25.9136       0.0113533      0.00643675      -1.00773     0.942478      6.28319        5.35158        -0.907646         -4.05709            3.87207         0.0004695        0.00137249      -0.0148601
  0.8   -1.60813e-06   8.57291e-07   -0.0427078      -0.796681       -5.72417          9.60137      -0.000242267   -0.0117177      -0.200032     1.25664       6.28317       -4.42169         -1.02823          -1.44451             1.45905        0.000430408     -0.00188574      -0.0194       -5.36227e-09  -1.68257e-07  -0.244487       -0.841892       -5.84466          12.1206       0.0114838     -0.00521262      -0.711343    1.25664       6.28317       -4.0154         -1.02793          -1.45104            1.94284         0.000430408     -0.00188574      -0.0194
  0.85   0.00602977    0.787731       0.265796       -1.07057        -4.56715        -12.959        -0.000365367    0.244739       -0.0892798    1.56899       5.98512      -17.1352          -1.07217          -0.56851            -2.91747       -0.000147547     -0.0223063        0.00641427   -0.0164058    -0.676317     -2.49951        -1.07986        -3.71666         -14.6961       0.0173828      0.321369        -3.28516     1.56091       5.56109      -21.4889         -1.07162          -0.455785          -5.07463        -0.000147547     -0.0223063        0.00641427
  0.9    0.0383165     0.450138       1.41238        -1.18917        -0.63777         -3.54033      -0.0075249     -0.0435791      -0.802539     1.85406       5.94175      -29.5625          -1.0867           -0.233793          -10.5589        -0.000110746     -0.0361909        0.0738736    -0.0448938    -0.287217     -3.81124        -1.17461        -0.582576        -11.3156       0.0570803      0.852036        -6.50628     1.81986       5.45478      -30              -1.08663          -0.16253          -10.8245         -0.000110746     -0.0361909        0.0738736
  0.95   0.037135     -0.539222       0.934607       -1.12191         2.75564         19.5969       -0.0127066     -0.12918        -2.76848      2.10942       3.54233       -8.75234         -1.09131          -0.0212908          -3.09367       -0.000803671     -0.00918525      -0.129328     -0.0416537     0.488478     -1.16004        -1.1274          3.46709          15.361        0.0929968     -0.0945316       -0.255596    2.08867       3.99652      -13.7635         -1.09104          -0.0321389         -3.66966        -0.000803671     -0.00918525      -0.129328
  1      0.0118942    -0.313453       0.0674602      -0.993447        2.11355         30            -0.00279762     0.0813888      -0.916994     2.21499       1.24269        6.53161         -1.091             0.0117779           5.79859       -0.000854193      0.00569505      -0.190795     -0.0145329     0.383774      3.24009        -0.967394        2.88031          30            0.0618849     -0.717173         5.33202     2.20849       1.42403        5.69252        -1.09055           0.0224114          5.48011        -0.000854193      0.00569505      -0.190795
  1.05   0.00262358   -0.11129        0.576479       -0.940426        0.13094         30            -0.000364618    0.034184        1.22011      2.25001       0.386811       4.31536         -1.0901            0.0208378           5.86976       -0.000479049      0.007122         0.0872462    -0.00318164    0.136268      1.71781        -0.875193        0.861348         30            0.0249876     -0.758819         2.42785     2.24887       0.451041       4.2037         -1.08965           0.0170231          5.96713        -0.000479049      0.007122         0.0872462
  1.1   -0.00065144   -0.0389955      0.980522       -0.99383        -1.62202         22.1319        0.000798544    0.00088251      1.76968      2.25969       0.0821114      0.0200565       -1.08842           0.0165939           3.82944        0.000419607      0.00638282       0.148716      0.000828133   0.0477384     0.328713       -0.905653       -2.94408          29.7172      -0.00737417    -0.261068        -1.20206     2.26044       0.104523       2.47056        -1.08855           0.0436306          5.50061         0.000419607      0.00638282       0.148716
  1.15   0.00706161    0.233528       0.165741       -1.06327        -0.973989        10.7222        0.00432406     0.128556        0.667029     2.25739      -0.0983239     -7.81009         -1.08831           0.000905991        -1.25509        0.000215605     -0.00839211       0.123371     -0.0043865    -0.286074     -2.17301        -1.02255        -1.93455          17.5689      -0.0129366      0.298464        -3.82864     2.25978      -0.0998498     -4.40535        -1.08793          -0.00948907         1.3903          0.000215605     -0.00839211       0.123371
  1.2    0.0157547     0.10038       -0.659044       -1.08394        -0.0107765       14.9235        0.00503178     0.0177124      -1.14759      2.25173      -0.0983239     -9.50363         -1.08789           0.0169039          -2.40983       -0.000216634     -0.00599456      -0.05767      -0.0186338    -0.21177      -2.06394        -1.08882        -0.753022         16.3707       0.0164479      0.771461        -4.63897     2.25267      -0.123406     -11.9581         -1.08853          -0.00562668        -3.73523        -0.000216634     -0.00599456      -0.05767
  1.25   0.00602127   -0.201429      -0.288652       -0.967086        4.05128        -28.545         0.000459624   -0.0624823      -1.19817      1.98039      -6.28324        2.92898         -0.775201          6.23001            -5.94319       -0.000314209     -0.0108087       -0.110406     -0.0100619     0.305447      0.8009         -0.956391        4.56734         -29.3877       0.0206262     -0.4181           0.453142    1.97223      -6.28317        0.0640556      -0.776897          6.23199           -7.56733        -0.000314209     -0.0108087       -0.110406
  1.3    8.0509e-05   -0.070993      -0.21416        -0.721642        5.34641        -13.1852       -0.000640906    0.00253378      0.152843     1.66623      -6.28319      -15.1072          -0.558936          2.65134            -2.81319       -0.000331631      0.00888731       0.0441401    -0.00104347    0.107959     -0.389429       -0.70659         5.00433         -17.6353       0.0191171      0.141835         1.8673      1.65807      -6.28319      -17.1586         -0.559565          2.66956           -3.70171        -0.000331631      0.00888731       0.0441401
  1.35  -0.00199222   -0.0243597      0.269758       -0.474869        4.33831         19.9703        0.000161022    0.000935238     0.175627     1.35207      -6.28322       -1.87163         -0.479242          0.958837            2.36852        1.25447e-05     -0.0183949       -0.000548296   0.00211803    0.037341      0.461522       -0.473876        4.87989          20.6653       0.0206803     -0.214787         1.84259     1.34391      -6.28319       -1.78232        -0.479111          0.973923           2.47877         1.25447e-05     -0.0183949       -0.000548296
  1.4   -0.00268256   -0.00770307     0.156795       -0.319944        1.78089         30            -0.000741072   -0.0133426       0.107879     1.08089      -3.703          0.00534797      -0.450649          0.349617            2.67011       -0.000231293     -0.00123945      -0.0288009     0.00318596    0.0121121     0.39831        -0.30502         1.92425          30            0.0128534     -0.140458         0.701117    1.07766      -3.57821       -0.304818       -0.450183          0.352425           2.61054        -0.000231293     -0.00123945      -0.0288009
  1.45  -0.00287969   -0.00176863    -0.0395601      -0.294967       -0.69629         29.8975       -0.000487585    0.0428958      -0.240241     0.970309     -1.34807        3.90121         -0.439918          0.162846            2.99797       -0.000312537      0.0277269       -0.023281      0.00350657    0.00311882    0.335536       -0.274137       -0.239319         30            0.00524814    -0.157654         0.33711     0.970754     -1.30426        4.15941        -0.439625          0.11965            3.07379        -0.000312537      0.0277269       -0.023281
  1.5   -0.00290162    0.000326941    0.291865       -0.355447       -1.52328         18.1612        0.000205588   -0.00150632     -0.498539     0.929598     -0.505019       2.05999         -0.435557          0.0432611           2.03001        0.000263879      0.00258881      -0.0512835     0.00356138   -6.87782e-05  -0.0910861      -0.356153       -1.47517          24.0523       0.00265687    -0.164598        -0.537594    0.931317     -0.490153       4.74966        -0.435145          0.0448466          2.90902         0.000263879      0.00258881      -0.0512835
  1.55  -0.00286212    0.00105314    -0.0392455      -0.435112       -1.53409         -0.62812      -0.000200072   -0.0102805      -0.439851     0.913911     -0.202882      -5.55807         -0.434654          0.00507236         -0.539162       0.000156702     -0.00431245      -0.0307988     0.00352262   -0.00117845   -0.106823       -0.428694       -1.39403           3.39439     -0.00648464    -0.175555        -1.05951     0.916046     -0.198341      -3.97929        -0.434357          4.17233e-05        0.0458433       0.000156702     -0.00431245      -0.0307988
  1.6   -0.00280185    0.00128881    -0.0339181      -0.381334        1.9989         -30             0.000990292    0.00983227     -0.275455     0.606417     -6.28321      -10.3423          -0.16857           3.56782            -3.63609        0.000506469      0.00643139      -0.0131111     0.00345187   -0.00154656    0.161849       -0.387693        1.73459         -30           -0.00968172    -0.0348501       -0.482066    0.608377     -6.28319      -10.4487         -0.168752          3.56237           -3.66719         0.000506469      0.00643139      -0.0131111
  1.65  -0.00273531    0.00135028    -0.201736       -0.239332        3.17898        -24.7069        0.000254988   -0.0117983       0.249624     0.294901     -5.75446      -14.146           -0.0629823         1.27693            -3.20774        0.000295747     -0.00759951       0.0139694     0.00337111   -0.0016497     0.193273       -0.240543        3.22061         -26.685       -0.0143273     -0.0596684       -1.3304      0.296889     -5.74884      -15.1093         -0.0632648         1.27227           -3.52026         0.000295747     -0.00759951       0.0139694
  1.7   -0.00266766    0.00135033    -0.135111       -0.121799        1.87089         -7.46521       0.000142861    0.00219681      0.27521      0.123916     -2.06799       -7.24338         -0.024707          0.469076           -2.27097        0.000118864     -0.0010495       -0.00578076    0.00328818   -0.00165859    0.193873       -0.130043        1.67442         -13.6627      -0.0122397      0.0920753       -0.670241    0.126048     -2.06669      -10.1512         -0.0251028         0.469079          -3.16236         0.000118864     -0.0010495       -0.00578076
  1.75  -0.00260074    0.00132746    -0.110526       -0.203528       -2.51952         29.8338       -1.41002e-05    0.0406378       0.279691     0.438075      6.28321        7.14749         -0.27951          -3.2738              2.4159        -8.44766e-05      0.020337         0.000701771   0.00320584   -0.00163424   -0.212142       -0.237706       -3.10578          29.0403      -0.00404955     0.223785        -0.761159    0.440206      6.28321        6.74253        -0.279462         -3.28083            2.29365        -8.44766e-05      0.020337         0.000701771
  1.8   -0.00253513    0.00129859     0.389358       -0.329354       -1.96537         13.7232        0.000441655   -0.00108405     -0.00991456   0.715388      3.86885        4.738           -0.377292         -1.18384             2.03059        0.000190632     -0.000472833     -0.0183802     0.00312504   -0.00160034   -0.314452       -0.35645        -1.69994          13.4196      -8.6211e-05     0.0554265       -0.218723    0.717504      3.86815        4.54125        -0.377264         -1.18308            1.9749          0.000190632     -0.000472833     -0.0183802
  1.85  -0.00247107    0.00126739     0.0721062      -0.399098       -1.05248          4.78138       0.000271735   -0.00460511     -0.241138     0.829563      1.36571        1.50657         -0.412459         -0.425017            1.16458        0.000148838     -0.00106677      -0.0152657     0.00304609   -0.00156164    0.042395       -0.414012       -0.824446          5.05335      0.00231663     0.0409771        0.592839    0.831636      1.3648         1.65165        -0.412386         -0.424093           1.20299         0.000148838     -0.00106677      -0.0152657
  1.9   -0.00240858    0.00123573    -0.0108241      -0.438319       -0.594336        -0.0833232     4.43663e-05   -0.00402891     -0.188455     0.869506      0.470758      -2.67771         -0.425065         -0.151473           -0.0293722      9.23613e-05     -0.00109722      -0.0146157     0.00296908   -0.00152216    0.0891018      -0.443312       -0.425494          0.377033     0.00384254     0.0215314        0.720917    0.87153       0.469768      -2.47093        -0.424954         -0.150824           0.0271908       9.23613e-05     -0.00109722      -0.0146157
  1.95  -0.00234766    0.00120467     4.01237        -0.329465        2.22818        -30            -0.104979       0.801306       29.1167       0.628561     -3.27049      -11.5269          -0.382953          0.484872           -2.92609        0.29508          4.44282          0.721342      0.00289396   -0.00148467    3.8172         -0.446742        0.702203        -30           -0.045387      -1.30443         23.8821      0.907895      0.427199     -17.651          -0.382579          0.510437          -4.85118         0.29508          4.44282          0.721342
  2     -0.00228827    0.0011737      3.61269        -0.216409        2.18998        -25.7779       -0.214687      -5.74558        29.7073       0.531144     -1.18241      -16.4609          -0.368118          0.198674           -3.91597        0.428627         1.64897          1.26016       0.00282075   -0.00144779    3.13511        -0.371779        2.10529         -30           -0.127681      -1.92206         20.4095      0.919996      0.134945     -17.4279         -0.367654          0.176686          -4.38503         0.428627         1.64897          1.26016
  2.05  -0.00223039    0.0011448      0.51356        -0.105162        2.1435          -5.00345      -0.391371      -2.2312         26.6191       0.495635     -0.436677      -5.62251         -0.361628          0.0829439          -0.462009       0.477271         0.573157         0.66541       0.00274941   -0.00141022    3.03668        -0.210938        3.30929         -25.9566      -0.244006      -2.46846         17.5119      0.923448      0.0307553    -17.8781         -0.362543          0.063549          -4.08972         0.477271         0.573157         0.66541
  2.1   -0.00217396    0.00111533    -4.2982         -0.0144335       1.48405         10.8121       -0.46576       -1.0679         10.103        0.482268     -0.1691         1.70498         -0.35931           0.02253             1.9806         0.493326         0.174256        -0.314568      0.00267986   -0.00137595   -1.45653        -0.0713234       2.42595           0.397026    -0.370488      -2.57959          8.56649     0.923813     -0.00612722    -7.53989        -0.360153          0.0378123         -0.505605        0.493326         0.174256        -0.314568
  2.15   0.00588973    0.155233      -7.7848         -0.00910569     -0.137369        19.4418       -0.566765      -2.22867        -9.04557      0.477733     -0.0586854      6.46106         -0.358373          0.0163373           3.09805        0.498457         0.0608073       -1.02261       0.00261205   -0.00134047   -7.97703         0.0239372       1.43603          22.7497      -0.495104      -2.33054         -3.43988     0.923109     -0.0186081      4.0877         -0.357635          0.0442793          2.81757         0.498457         0.0608073       -1.02261
  2.2    0.00880171   -0.0137529     -8.34463        -0.0130579      -0.0457692       20.1414       -0.653589      -1.25129       -17.8802       0.474949     -0.0586139      7.6524          -0.358033         -0.00154969          3.15682        0.500129         0.0176545       -1.27286       0.00254597   -0.00130624   -9.83062         0.0652684       0.343573         28.2076      -0.5909        -1.50631        -11.2142      0.922051     -0.02253        8.83436        -0.356387          0.00885705         3.80239         0.500129         0.0176545       -1.27286
  2.25   0.00566843    0.12342      -14.5733          0.00845202     -0.522905        28.2249       -0.661482       0.537538      -29.4522       0.207858     -4.00087       15.4628          -0.128862          2.80904             4.58687        0.205864        -4.50281         -0.879891      0.00248158   -0.0012723    -5.14129         0.168274        1.79694          30           -0.587682       0.733418       -29.3919      0.644357     -6.28308       18.2033         -0.129716          2.79623            5.38971         0.205864        -4.50281         -0.879891
  2.3    0.00410697   -0.135315      -4.90548        -0.00714402     -0.186379        11.365        -0.601846       1.74375       -25.4289       0.0874771    -1.49139        3.77023         -0.0463288         0.977314            1.61106        0.0723226       -1.61013         -1.86196       0.00241879   -0.00124161   -4.87018         0.22109         0.47134          30           -0.529453       1.53309        -25.6462      0.330199     -6.28304       11.0785         -0.0465771         1.00637            4.47339         0.0723226       -1.61013         -1.86196
  2.35  -0.00632192   -0.244769       9.97178        -0.0124221      -0.0587282      -16.3826       -0.485115       2.77144       -21.0132       0.0415204    -0.579552      -9.56061         -0.0181017         0.329529           -2.55641        0.0245846       -0.575319        -1.28855       0.00235761   -0.00120869   -5.86            0.141493       -2.3181           26.0005      -0.425453       2.62152        -21.5811      0.122761     -2.50505        7.88928        -0.0157496         0.365944           2.34465         0.0245846       -0.575319        -1.28855
  2.4   -0.00814936    0.126503      10.9807         -0.0577008      -1.13085        -27.6976       -0.278206       5.77715       -18.3856       0.0265618    -0.111828     -14.2661          -0.00869274        0.10476            -4.03738        0.00656457      -0.250376        -1.02031       0.00229797   -0.00117959    1.83436         0.0273392      -2.23269          -0.890248    -0.271258       3.36608        -15.9722      0.0483862    -0.898337      -2.26472        -0.00661144        0.0884244         -0.538791        0.00656457      -0.250376        -1.02031
  2.45  -0.00433092    0.0467125      2.24279        -0.0675297       0.245177       -15.7416       -0.0821275      2.5667        -14.9651       0.0230295    -0.0466723     -7.52911         -0.00465621        0.0712037          -1.96724       -3.61353e-05     -0.0553297       -0.788127      0.00223981   -0.00114913    5.23722        -0.102701       -2.6148          -26.8833      -0.0916959      3.66084         -3.04891     0.0216717    -0.323498     -13.2021         -0.00323982        0.0616094         -3.74711        -3.61353e-05     -0.0553297       -0.788127
  2.5   -0.00292233    0.0174246     -0.958134       -0.188767       -3.24542         29.2422        0.00626965     1.32559        10.7492       0.337189      6.28283        8.54201         -0.267175         -3.45826             3.43765       -0.000262968      0.0402188        0.481038      0.00218315   -0.00112045    0.958885       -0.330179       -3.95962           1.33948      0.0797842      3.04974         11.826       0.335804      6.28223       -4.50627        -0.267066         -3.53666           -0.508648       -0.000262968      0.0402188        0.481038
  2.55  -0.00238355    0.00692097     3.05234        -0.355476       -3.06975          3.10127       0.224638       3.88892        29.4838       0.644722      5.32827       -3.49368         -0.371759         -1.28014             0.197679      -0.00233816      -0.0753387        1.46234       0.00212791   -0.00109181    2.80585        -0.551551       -3.604           -29.25         0.223185       2.46728         24.4145      0.64093       5.10713      -17.9518         -0.371078         -1.2425            -4.43027        -0.00233816      -0.0753387        1.46234
  2.6   -0.00215693    0.00314566     0.939991       -0.451644       -1.13477        -10.4811        0.364766       1.96517        30            0.802211      1.88866       -6.5205          -0.409439         -0.447031           -1.09405       -0.00488796      -0.0277339        1.58775       0.0020741    -0.00106387    3.7533         -0.643368       -0.590788        -30            0.31139        1.12842         29.9937      0.79202       1.81411      -15.338          -0.409796         -0.47809           -3.965          -0.00488796      -0.0277339        1.58775
  2.65  -0.00204289    0.00177706     1.60036        -0.471079        0.12503         -7.62473       0.403686      -0.368891       30            0.857694      0.658795      -7.1741          -0.422176         -0.12267            -1.60044       -0.00363977       0.126247         1.62472       0.00202162   -0.00103686    2.29013        -0.592567        1.83719         -28.5974       0.312719      -0.592182        29.1387      0.845433      0.636599     -16.7387         -0.422658         -0.150683          -4.65808        -0.00363977       0.126247         1.62472
  2.7   -0.00196992    0.00127197     3.79597        -0.455458        0.644496        -0.779465      0.335992      -0.826137       29.8772       0.876718      0.219578      -4.84969         -0.42596          -0.022083           -0.814228      -0.00181893       0.0953893        1.63971       0.00197048   -0.00101079    3.4665         -0.504802        1.73926          -9.60916      0.255733      -1.59681         22.736       0.86393       0.215573      -9.8105         -0.42644          -0.0332109         -1.97963        -0.00181893       0.0953893        1.63971
  2.75  -0.00191248    0.0010744      5.20402        -0.431587        0.480915         6.27313       0.146935      -2.65516        27.4561       0.882719      0.0623093     -2.36534         -0.426546         -0.0083683           0.295768       0.000755489      0.0227565        1.49276       0.00192063   -0.000985782   4.27246        -0.425271        1.38886          14.9057       0.152961      -2.3536          10.4534      0.869947      0.0653014      0.846742       -0.427058         -0.00361792         1.80503         0.000755489      0.0227565        1.49276
  2.8   -0.00186137    0.000988413    2.77301        -0.414118        0.219066         8.49263       0.0598165     -1.2325         11.785        0.884065      0.00660404    -2.82296         -0.427336         -0.0227267           0.778148       0.000385158     -0.0279137        0.641357      0.00187204   -0.0009608     1.9412         -0.375526        0.64154          26.5257       0.0289328     -2.47995         -2.50281     0.871522      0.0120875      6.39424        -0.427287         -0.00764114         3.57621         0.000385158     -0.0279137        0.641357
  2.85  -0.00181331    0.000942454   -0.908456       -0.410791       -0.0393024        5.72005       0.0141607     -0.711741      -11.6576       0.883784     -0.0126001     -4.12287         -0.428741         -0.0302189           0.444731      -0.00165962      -0.0465412       -0.621984      0.00182467   -0.000936377  -1.01802        -0.364539       -0.0938036        24.0512      -0.083282      -1.97072        -12.5332      0.871529     -0.00668749     5.7662         -0.427912         -0.0158485          3.18263        -0.00165962      -0.0465412       -0.621984
  2.9   -0.00176709    0.000911255   -3.10503        -0.419035       -0.340353         2.24641      -0.082473      -5.19925       -28.1486       0.882949     -0.0188942     -4.53233         -0.429749         -0.000709279        -0.0972129     -0.00285009       0.0302489       -1.50683       0.00177851   -0.000912931  -2.21409        -0.382311       -0.511426         13.8671      -0.158296      -1.08342        -17.823       0.870987     -0.01322        1.53653        -0.428766         -0.0167247          1.62459        -0.00285009       0.0302489       -1.50683
  2.95  -0.00172226    0.000885085   -3.45832        -0.42459         0.019538         1.07829      -0.10408        1.80883       -29.6856       0.881922     -0.0211949     -4.4035          -0.43015          -0.00680073         -0.329971      -0.00369766      -0.0243987       -1.60089       0.00173352   -0.000889556  -1.79807        -0.41062        -0.562709          3.12737     -0.185957      -0.128913       -18.2975      0.870257     -0.0153419     -3.06636        -0.429432         -0.00959017         0.00103201     -0.00369766      -0.0243987       -1.60089
  3     -0.00167864    0.000862338   -3.45527        -0.42447         0.00296228       0.924452     -0.0493461      0.719834      -28.4831       0.880845     -0.0216837     -4.28698         -0.430145          0.00765902         -0.339469      -0.00426078       0.00164514      -1.54574       0.00168967   -0.000867298  -1.00222        -0.434242       -0.376168         -3.81445     -0.169416       0.672459       -14.9524      0.869472     -0.0158187     -6.03587        -0.429614          0.0013828         -1.00825        -0.00426078       0.00164514      -1.54574