  time    PosLHipYaw    VelLHipYaw    ForLHipYaw    PosLHipPitch    VelLHipPitch    ForLHipPitch    PosLHipRoll    VelLHipRoll    ForLHipRoll      PosLKnee      VelLKnee     ForLKnee    PosLAnklePitch    VelLAnklePitch    ForLAnklePitch    PosLAnkleRoll    VelLAnkleRoll    ForLAnkleRoll    PosRHipYaw    VelRHipYaw    ForRHipYaw    PosRHipPitch    VelRHipPitch    ForRHipPitch    PosRHipRoll    VelRHipRoll    ForRHipRoll      PosRKnee      VelRKnee      ForRKnee    PosRAnklePitch    VelRAnklePitch    ForRAnklePitch    PosRAnkleRoll    VelRAnkleRoll    ForRAnkleRoll
------  ------------  ------------  ------------  --------------  --------------  --------------  -------------  -------------  -------------  ------------  ------------  -----------  ----------------  ----------------  ----------------  ---------------  ---------------  ---------------  ------------  ------------  ------------  --------------  --------------  --------------  -------------  -------------  -------------  ------------  ------------  ------------  ----------------  ----------------  ----------------  ---------------  ---------------  ---------------
  0      9.01446e-05   0                             0                0                            -0.00118489     0                           -1.14595e-05   0                             -0.000368504       0                                 -1.43191e-08      0                             -5.28712e-09   0                            -0.000157878      0                             0.000383347     0                          -2.15368e-08   0                              -0.00041347        0                                 -1.43191e-08      0
  0.05   3.07201e-05  -0.000715358   0.0120699       8.10772e-05      0.00649626      0.00365831   -0.000652091    0.00574618      0.0682992   -3.98047e-06   9.49019e-05    0.0759511      -0.000122894       0.00298582          0.117368       1.00802e-05      5.47152e-05     -0.00402989   -3.52823e-08   9.49309e-07   -0.0226318     -0.000237077      0.00290228      -0.0516921    0.0011474       0.0250019      -0.64944    -6.63567e-09   3.84171e-07    0.0365815       -0.00011374        0.00381046          0.101985       1.00802e-05      5.47152e-05     -0.00402989
  0.1    9.53301e-06  -0.000255349   0.000435305     0.000554283      0.0108463       0.136746     -0.000507965    0.00126391     -0.0160319   -1.24425e-06   3.11062e-05    0.137827       -3.28235e-05       0.00112168          0.13713        9.83372e-06     -5.39001e-05     -0.0083456    -9.02514e-09   5.58793e-07   -0.00722465     5.75392e-05      0.00733323       0.104064     0.00287486      0.0410834      -0.453117   -3.4197e-09   -8.76025e-07    0.10923          9.97004e-06       0.00170404          0.125578       9.83372e-06     -5.39001e-05     -0.0083456
  0.15   1.99335e-06  -9.05225e-05   0.00446068      0.00108527       0.00983017      0.252492     -0.000489874   -0.000100199    -0.0826248   -2.4261e-07    1.4063e-05     0.190904        1.34669e-06       0.000422448         0.152341       6.80704e-06     -6.76138e-05     -0.011301     -2.41585e-09  -1.86265e-07   -0.00876352     0.000422393      0.00672481       0.237993     0.00514934      0.0475823      -0.213259   -1.38534e-08  -1.35624e-06    0.17059          7.08983e-05       0.000927972         0.143347       6.80704e-06     -6.76138e-05     -0.011301
  0.2   -6.69239e-07  -3.18504e-05   0.0046178       0.00147569       0.00587421      0.323495     -0.000502297   -0.000262074    -0.126927     9.40636e-08   5.12228e-06    0.22368         1.44728e-05       0.000166148         0.161976       3.46103e-06     -6.30039e-05     -0.0133816     2.33069e-09   0             -0.0050995      0.000679116      0.0036188        0.3112       0.00747794      0.0443908       0.0178372  -1.39698e-09   1.88593e-06    0.204313         0.000105494       0.000533461         0.153454       3.46103e-06     -6.30039e-05     -0.0133816
  0.25  -1.59607e-06  -8.58557e-06  -0.126591       -0.126938        -3.54191        29.8808       -0.000609105    0.0390156       0.0215518    0.314159      6.28319        9.87049        -0.280854         -3.97123             3.50303       -0.000223213      0.0217513       -0.00242329   -4.46437e-09   6.35601e-07    0.313818      -0.139595        -4.52261         29.7658       0.0116015       0.277389       -0.180678    0.314159      6.28319        9.79971         -0.280571         -3.97675             3.494         -0.000223213      0.0217513       -0.00242329
  0.3   -1.8796e-06   -3.09547e-06   0.380203       -0.322513        -4.02679        11.843        -0.000282572   -0.0152797      -0.0431565    0.628319      6.28323        1.56207        -0.399534         -1.45435             0.982803       0.000130729     -0.00293055      -0.0329285     2.29306e-10   9.00173e-08   -0.249494      -0.332586        -3.40379         13.6975       0.013482       -0.0946426      -0.2987      0.628318      6.28317        2.3572          -0.399287         -1.45432             1.2238         0.000130729     -0.00293055      -0.0329285
  0.35  -1.95846e-06  -6.40967e-07  -0.133932       -0.464103        -1.86643       -13.7468       -0.000984924   -0.00919581     -0.269642     0.832049      2.44941       -5.93474        -0.442916         -0.523514           -0.970132      -0.000186585     -0.00443685      -0.00670373   -1.30456e-09   2.22045e-14    0.0906786     -0.453912        -1.64868        -14.4375       0.00986946     -0.0561879       0.818218    0.832048      2.44935       -6.27831         -0.442799         -0.527007           -1.06928       -0.000186585     -0.00443685      -0.00670373
  0.4   -1.94719e-06   9.29595e-07  -0.129083       -0.516212        -0.472379      -15.4291       -0.00118194     6.00005e-05    -0.161056     0.904312      0.86403       -8.59523        -0.458283         -0.180757           -2.00911       -0.000278224      7.22532e-05     -0.0078713     3.08205e-09  -1.8008e-08     0.0486384     -0.501284        -0.455064       -18.0671       0.00768378     -0.0347231       0.84613     0.904311      0.864006      -9.778           -0.458291         -0.182146           -2.4143        -0.000278224      7.22532e-05     -0.0078713
  0.45  -1.91734e-06   8.62566e-07  -0.084055       -0.515741         0.324393      -10.1501       -0.000987928    0.00644718     -0.0447027    0.929561      0.297201      -7.72062        -0.463304         -0.0533701          -1.61747       -0.0001896        0.00288163      -0.00566455   -5.532e-10     0              0.0103717     -0.502921         0.243438       -11.6414       0.00630133     -0.0235955       0.400043    0.92956       0.297177      -8.40747         -0.463315         -0.0524521          -1.85644       -0.0001896        0.00288163      -0.00566455
  0.5   -1.87864e-06   9.14384e-07  -0.0138383      -0.489093         0.638724       -1.99688      -0.000582797    0.00884543      0.00814383   0.938007      0.0947953     -4.79928        -0.464507         -0.00731946         -0.552996      -1.02262e-05      0.00387975      -0.00649981   -8.2332e-10   -1.8008e-08    -0.0350682     -0.481801         0.509733        -1.35362      0.00520964     -0.0210549      -0.133814    0.938007      0.0947476     -4.56038         -0.464444         -0.00569225         -0.469674      -1.02262e-05      0.00387975      -0.00649981
  0.55  -1.83054e-06   1.18917e-06   0.0455326      -0.457341         0.58865         5.23927      -0.000161065    0.00765287      0.0164871    0.940457      0.0226021     -1.83983        -0.464409          0.00661612          0.473667       0.00017211       0.00325065      -0.00834033    6.79279e-10   1.68257e-07   -0.0797884     -0.456988         0.446725         7.33752      0.00421872     -0.0181064      -0.554389    0.940457      0.022614      -0.932866        -0.464283          0.00743867          0.780766       0.00017211       0.00325065      -0.00834033
  0.6   -1.7854e-06    9.77753e-07   0.00080035     -0.547185        -2.59037        30            -0.00109397     0.00602236      0.213584     1.24329       6.28317       -2.39866        -0.721499         -3.34626             3.04019       -8.72701e-05     -0.00915891      -0.00767507   -4.85568e-09  -1.79307e-07   -0.0271207     -0.539359        -2.54479         30            0.000963216    -0.0266069      -1.61089     1.24343       6.28317       -2.49349         -0.721191         -3.3517              3.03423       -8.72701e-05     -0.00915891      -0.00767507
  0.65  -1.73205e-06   9.23274e-07   0.276367       -0.715044        -3.2582         17.9386       -0.000332257    0.00808995     -0.359807     1.54579       4.94764        2.11918        -0.820322         -1.19588             2.28893        8.02023e-05     -0.00512038      -0.0547427    -4.2437e-09   -7.82621e-08   -0.254824      -0.723105        -3.06822         19.8308       0.0056702       0.0124984      -0.347587    1.54589       4.94516        2.94801         -0.81997          -1.19755             2.60679        8.02023e-05     -0.00512038      -0.0547427
  0.7   -1.69075e-06   1.22186e-06  -0.135239       -0.835772        -1.80153        -2.27072      -0.000366743   -0.00513047     -0.512646     1.69189       1.74918        1.2072         -0.856043         -0.433898            0.240315      -0.000113212     -0.00293205      -0.0344997    -1.24214e-09  -3.36536e-07    0.181198      -0.835043        -1.67123         -1.64398      0.00355989     -0.0613862       0.407549    1.69192       1.74835        1.34976         -0.855898         -0.439048            0.356063      -0.000113212     -0.00293205      -0.0344997
  0.75  -1.65041e-06   6.21959e-07  -0.0697408      -0.893152        -0.652099       -7.8594       -0.000563137   -0.00166507      0.0903764    1.74313       0.605536      -6.39337        -0.868812         -0.14981            -1.65684       -0.000175101      0.000212805      0.0161983     2.29306e-10   1.8008e-08     0.0179823     -0.889492        -0.644732       -10.1509       0.00144308     -0.0205579       0.0548313   1.74313       0.60525       -7.40552         -0.868884         -0.152934           -2.09366       -0.000175101      0.000212805      0.0161983
  0.8   -1.61244e-06   6.29848e-07   0.0374478      -0.902378         0.128925       -5.02989      -0.000488265    0.00364278      0.350171     1.76046       0.196982      -7.41401        -0.8729           -0.0416756          -1.5106        -9.37812e-05      0.00249599       0.0340952    -6.86123e-09  -1.86265e-07   -0.0221579     -0.900228         0.076902        -7.04954      0.00165635      0.0204775      -0.026885    1.76046       0.196815      -8.22335         -0.873016         -0.0408292          -1.90077       -9.37812e-05      0.00249599       0.0340952
  0.85  -1.57035e-06   8.52334e-07   0.0851066      -0.885581         0.437439        1.15252      -0.000251771    0.00501476      0.255284     1.76569       0.05126       -5.96381        -0.873734         -0.00253916         -0.522068       4.53135e-05      0.00275607       0.0173095    -1.31105e-08  -3.72529e-07   -0.043621      -0.88669          0.364697         1.10242      0.00310208      0.0317492      -0.114058    1.76568       0.0511885     -6.01622         -0.873746          0.000119209        -0.545351       4.53135e-05      0.00275607       0.0173095
  0.9   -1.52375e-06   1.20856e-06   0.0597248      -0.872861         0.239182        7.23832      -1.20355e-05    0.00458332     -0.0222527    1.78961       0.27678       -4.92382        -0.884941         -0.129283            0.437879       0.000167764      0.00138125      -0.0140382    -9.95647e-09   1.86265e-07   -0.0522475     -0.878686         0.167036         8.59418      0.0049989       0.0267001      -0.193614    1.78961       0.276804      -4.41663         -0.884824         -0.127447            0.681327       0.000167764      0.00138125      -0.0140382
  0.95  -1.48805e-06   6.45583e-07  -0.27187        -0.742029         3.56109       -15.6965       -0.000144899    0.00407855     -0.291745     1.51888      -6.28317        7.15797        -0.693794          2.32182            -0.821778       1.32562e-05      0.00585476       0.00129746    1.80762e-11   1.8008e-08     0.392159      -0.733085         3.12985        -15.5616       0.000378779     0.00284567      0.868953    1.5195       -6.28322        7.26264         -0.69393           2.32098            -0.76561        1.32562e-05      0.00585476       0.00129746
  1     -1.45257e-06   6.34828e-07   0.31343        -0.610319         1.78099        11.5256        5.943e-05      0.00696276      0.697399     1.30567      -2.59214      -12.1582         -0.624517          0.843466           -0.18137        0.000432865      0.00455268       0.00830953    1.09821e-09   1.86265e-07   -0.429913      -0.619656         1.55249         11.6833       0.00329847      0.0881948      -1.53749     1.30589      -2.59774      -12.1409          -0.624525          0.84647            -0.194969       0.000432865      0.00455268       0.00830953
  1.05  -1.40921e-06   8.31415e-07   0.0864477      -0.555773         0.625337       14.3997        0.000250143    0.000417146    -0.0343706    1.22843      -0.938321      -3.16536        -0.599305          0.306166            1.18916        0.000500945     -0.000540133     -0.0189543     3.4421e-09    1.8008e-08    -0.0831526     -0.572177         0.539971        15.8289       0.00729247      0.0672525      -0.550635    1.22849      -0.9403        -2.56005         -0.599209          0.307405            1.40725        0.000500945     -0.000540133     -0.0189543
  1.1   -1.37938e-06   7.53108e-07   0.0365265      -0.462123         1.34281         4.2412       -2.46447e-05   -0.00312198     -0.390606     1.0047       -3.10469        1.16793        -0.48706           1.35732             0.829641       0.000363775      0.00147818      -0.0313733     3.05079e-09   0              0.079467      -0.473844         1.2817           4.45753      0.00713314      0.0315964       0.317025    1.00519      -3.11661        1.30917         -0.487036          1.3566              0.877608       0.000363775      0.00147818      -0.0313733
  1.15  -1.33889e-06   7.47583e-07  -0.0520932      -0.423526         0.422651        6.8464       -0.000125956   -0.00182428     -0.285245     0.912369     -1.11827       -4.47399        -0.446717          0.487465            0.183649       0.000328584     -0.00154731      -0.0266426    -1.60583e-09   3.54521e-07    0.00203035    -0.437044         0.411821         5.92103      0.00898303      0.0329176      -0.189058    0.912503     -1.12252       -4.94379         -0.446715          0.487257            0.0241624      0.000328584     -0.00154731      -0.0266426
  1.2   -1.30836e-06   6.39148e-07  -0.037158       -0.414447         0.0355423       5.47323      -0.000206719   -0.00129157     -0.398703     0.878963     -0.407446      -2.55192        -0.432244          0.174672            0.34032        0.000246153     -0.00158296      -0.0313137    -2.0558e-09    2.04273e-07    0.0503676     -0.426957         0.078702         4.44297      0.0100568       0.0115266       0.215805    0.878971     -0.408984      -3.03516         -0.432244          0.174773            0.176781       0.000246153     -0.00158296      -0.0313137
  1.25  -1.27663e-06   9.40691e-07  -0.0291881      -0.417214        -0.103694        3.60235      -0.000236426    4.19096e-05    -0.32571      0.866645     -0.153053      -2.62799        -0.42706           0.0626326           0.18606        0.000179126     -0.00112527      -0.025902     -3.82852e-09  -3.72529e-07    0.0544        -0.426609        -0.0300288        2.79029      0.0100402      -0.009509        0.324145    0.866609     -0.153566      -3.0074          -0.427051          0.062871            0.0566939      0.000179126     -0.00112527      -0.025902
  1.3   -1.25539e-06   1.37541e-06  -0.227096       -0.541179        -3.52934        29.9085       -0.000596831    0.0375094       0.033642     1.17039       6.28319       -1.04287        -0.725571         -4.70713             3.55735       -0.000103084      0.0216753       -0.0136249    -2.30773e-09   3.8358e-07     0.363669      -0.559209        -4.45326         29.862        0.0119033       0.239387       -0.565012    1.17037       6.28315       -1.1082          -0.725193         -4.71193             3.53481       -0.000103084      0.0216753       -0.0136249
  1.35  -1.21337e-06   1.07439e-06   0.378788       -0.751032        -4.57675        18.0547       -0.000113964   -0.0151717      -0.195562     1.48455       6.28324       -1.74266        -0.865721         -1.71275             1.55719        0.000281408     -0.00447716      -0.0468996     1.82183e-09   2.58274e-07   -0.169801      -0.771221        -4.01152         20.5021       0.0125985      -0.129647       -0.0850733   1.48453       6.28317       -0.680307        -0.865404         -1.71447             1.94075        0.000281408     -0.00447716      -0.0468996
  1.4   -1.1838e-06    8.96058e-07  -0.189791       -0.945136        -2.68371       -16.7054       -0.000959779   -0.00651191     -0.378086     1.75151       3.57888       -8.08051        -0.917171         -0.619722           -2.64902       -0.000355054     -0.0107984       -0.025326      2.66323e-09   5.04793e-07    0.0893514     -0.933788        -2.30025        -17.4359       0.0045418      -0.14338         0.472298    1.75148       3.57833       -8.51746         -0.917095         -0.627196           -2.79959       -0.000355054     -0.0107984       -0.025326
  1.45  -1.15254e-06   3.45699e-07  -0.33375        -1.0097          -0.328374      -18.31         -0.00101297     0.00427412     -0.126903     1.85698       1.25861       -6.03974        -0.935189         -0.207246           -3.05933       -0.000516165      0.0018801        0.0266005    -0.00527799   -0.085888      -0.022952      -0.989662        -0.281894       -17.2444       0.00477263      0.0422457      -0.302964    1.85516       1.22857       -7.69626         -0.935476         -0.211168           -3.94556       -0.000516165      0.0018801        0.0266005
  1.5   -1.12855e-06   5.66775e-07   0.060131       -0.990755         0.769234       -5.53554      -0.000542595    0.0122134       0.320186     1.89363       0.429154      -6.16843        -0.9407           -0.0542522          -1.48297       -0.000252611      0.00686068       0.0372768    -0.00374979    0.0873732     -0.0189259     -0.973729         0.632072        -1.95386      0.00292124     -0.0710062      -0.430335    1.89227       0.459624      -6.37585         -0.940767         -0.0456572          -1.4054        -0.000252611      0.00686068       0.0372768
  1.55  -1.09752e-06   4.73029e-07  -0.117762       -0.831333         4.46753       -22.7618       -0.000412676    0.0037678       0.390422     1.62738      -6.28319        5.5147         -0.714204          2.79212            -2.20183       -0.000169857      0.0063481        0.0561587    -0.00116102    0.0311656      0.089288      -0.795893         4.10421        -20.7848      -0.00442764     -0.0327906       0.419665    1.62664      -6.28317        6.24989         -0.714364          2.79572            -1.82966       -0.000169857      0.0063481        0.0561587
  1.6   -1.06968e-06   4.62501e-07   0.448179       -0.632883         2.94437        13.4718        0.000278819    0.0119942       1.11817      1.35646      -3.6918       -10.3027         -0.630363          1.0217              0.551147       0.000439516      0.0103409        0.04161      -0.000239479   0.0110589     -0.39926       -0.630075         2.41333         16.5745       3.3857e-05      0.116363       -1.66577     1.35608      -3.6824        -9.04609         -0.630274          1.02716             1.04236        0.000439516      0.0103409        0.04161
  1.65  -1.04651e-06   1.27125e-07   0.247963       -0.540564         1.09676        22.0296        0.00065723     0.00150745      0.118227     1.2466       -1.33166       -2.44028        -0.599773          0.371337            2.01397        0.00065371       0.000512158     -0.0192265     8.57203e-05   0.00386801    -0.236838      -0.556722         0.811756        25.6435       0.00564246      0.0962649      -0.980379    1.2465       -1.32837       -0.766984        -0.599555          0.371838            2.60104        0.00065371       0.000512158     -0.0192265
  1.7   -1.00973e-06   7.16114e-07   0.0363024      -0.518277         0.00355244     19.4656        0.000428802   -0.00815038     -0.705226     1.20676      -0.487161       1.28526        -0.588829          0.129402            2.28033        0.000554264     -0.00343154      -0.0585528     0.000197724   0.00129828     0.0154468     -0.543931        -0.109577        20.1615       0.00919667      0.0505649      -0.133525    1.20676      -0.485945       1.60072         -0.588683          0.126767            2.39911        0.000554264     -0.00343154      -0.0585528
  1.75  -9.90648e-07   3.66481e-07  -0.300958       -0.646239        -3.83637        29.0732       -0.000349929    0.0118753      -0.724969     1.48843       6.28315       -9.10583        -0.802961         -2.58278             2.29884        0.000232224      0.00753386      -0.0681012     0.000233564   0.000380975    0.154826      -0.689591        -4.11066         28.3225       0.0142984       0.13574        -0.751037    1.48809       6.28319       -9.64259         -0.802493         -2.59605             2.14691        0.000232224      0.00753386      -0.0681012
  1.8   -9.63256e-07   4.93265e-07  -0.0159494      -0.827235        -2.99188         5.65752      -0.00037095    -0.00403374     -1.3682       1.72963       3.01812        2.78555        -0.880341         -0.942708            1.29943       -9.0634e-05      -0.00778764      -0.123574      0.000242271   5.49277e-05    0.295048      -0.855493        -2.55985          0.860827     0.0139132      -0.0921917       1.53404     1.72952       3.02208        0.615256        -0.880324         -0.950385            0.449579      -9.0634e-05      -0.00778764      -0.123574
  1.85  -9.40075e-07   5.55395e-07  -0.210037       -0.935639        -1.48989        -9.98755      -0.000661865   -0.0040999      -0.397964     1.81859       1.06218       -5.20419        -0.908531         -0.340462           -1.8035        -0.000332057     -0.00206721      -0.0196405     0.000241375  -5.96454e-05    0.363492      -0.942229        -1.09056        -14.8944       0.00698085     -0.149375        1.04383     1.8186        1.06349       -6.99223         -0.908735         -0.342191           -2.72052       -0.000332057     -0.00206721      -0.0196405
  1.9   -9.15073e-07   7.52801e-07   0.070814       -0.972602        -0.194264      -10.8141       -0.000621657    0.00455439      0.576947     1.84956       0.362969      -8.75248        -0.918353         -0.111234           -2.54751       -0.000280317      0.00304692       0.0656203    -2.84663e-05   0.00522507     0.0168151     -0.963994         0.0137687      -12.104        0.000851485    -0.108614        0.106668    1.84953       0.364614      -9.25757         -0.91851          -0.108779           -2.85151       -0.000280317      0.00304692       0.0656203
  1.95  -8.9299e-07    4.60387e-07   0.000784159    -0.852726         3.89159       -25.8109       -0.00019809    -0.00137499      0.834234     1.58249      -6.28322        4.38303        -0.714616          2.45568            -2.60055        2.13366e-06     -0.000394881      0.0991432     3.88081e-05   0.00440714     0.137362      -0.82434          3.94817        -23.939       -0.00680402     -0.144589        0.226559    1.58177      -6.28319        4.83163         -0.714963          2.46173            -2.32269        2.13366e-06     -0.000394881      0.0991432
  2     -8.68785e-07   2.46758e-07   0.430979       -0.683739         2.59757         3.82977       8.31564e-05    0.00898433      1.47943      1.34803      -2.91713      -15.6274         -0.641007          0.899924           -1.40162        0.000334318      0.00527027       0.075366      0.000167033   0.00149806    -0.676241      -0.671376         2.25991          6.80285     -0.00581279      0.0946326      -2.1376      1.34777      -2.90933      -14.637           -0.64102           0.906123           -0.961236       0.000334318      0.00527027       0.075366
  2.05  -8.46243e-07   9.42556e-07   0.177029       -0.590733         1.32746        14.8377        0.000375028    0.00139797      0.162779     1.26123      -1.05212       -4.26152        -0.613925          0.331692            1.10892        0.000464573      0.000757759     -0.010711      0.000209032   0.000459693   -0.322813      -0.594111         1.0368          18.8183      -0.000318811     0.108784       -1.15132     1.2612       -1.04938       -2.50055         -0.613735          0.334076            1.7458         0.000464573      0.000757759     -0.010711
  2.1   -8.21917e-07   5.0511e-07   -0.0176199      -0.550932         0.404396       17.6685        0.000216568   -0.00587596     -0.839182     1.22976      -0.384703       0.68586        -0.604014          0.119552            2.06562        0.000426977     -0.0017392       -0.0672326     0.000220278   8.9402e-05    -0.108756      -0.56638          0.21121         19.912        0.00449063      0.0837275      -0.420172    1.22981      -0.383821       1.73156         -0.603801          0.118539            2.43165        0.000426977     -0.0017392       -0.0672326
  2.15  -8.04229e-07   2.00346e-07  -0.0669567      -0.427599         2.36512        -1.76955      -0.000369123   -0.00246031     -1.2016       0.943571     -5.11078        3.25337        -0.440105          1.98507             0.679881       0.000131001      0.00796663      -0.0725221     0.000220629  -4.03457e-05    0.205544      -0.437807         2.03304         -3.22065      0.00392655      0.0619303       0.871876    0.944724     -5.13494        2.76559         -0.440127          1.98117             0.499381       0.000131001      0.00796663      -0.0725221
  2.2   -7.84764e-07   6.61529e-07  -0.0643074      -0.357586         0.80707         9.42268      -0.000293034    0.00280322     -0.611543     0.791878     -1.83132       -4.90549        -0.381134          0.711556            0.177485       0.000262438      0.000164363     -0.0480023     0.000217158  -8.53247e-05   -0.0679478     -0.37617          0.741542         6.52203      0.00723125      0.0577898      -0.349869    0.792315     -1.83997       -6.31213         -0.381235          0.711133           -0.284635       0.000262438      0.000164363     -0.0480023
  2.25  -7.67291e-07   3.84889e-07  -0.0378238      -0.338223         0.126723        7.90548      -0.000128606    0.00361177     -0.495397     0.737463     -0.658068      -1.32747        -0.360078          0.252617            0.60838        0.000229757     -0.000986708     -0.0371948     0.000212417  -0.000100004    0.0450015     -0.356015         0.197042         5.76895      0.00923086      0.0253353       0.302767    0.737642     -0.661191      -2.32219         -0.360171          0.253076            0.286651       0.000229757     -0.000986708     -0.0371948
  2.3   -7.49504e-07   7.00022e-07  -0.130086       -0.474096        -3.65046        28.6857       -0.000103499    0.0204313       0.0488759    1.04266       6.28302       -0.623701       -0.591578         -2.8547              2.49941        8.17716e-05      0.0115396       -0.0196589     0.000207316  -0.000103427    0.220364      -0.501251        -3.82971         28.1          0.0130585       0.102524       -0.397548    1.04281       6.28304       -0.917278        -0.591398         -2.85788             2.39009        8.17716e-05      0.0115396       -0.0196589
  2.35  -7.26899e-07   2.65225e-07   0.208225       -0.645383        -2.69586         3.09088      -6.20242e-05   -0.00293015     -0.152509     1.30516       3.46932       -0.264669       -0.677103         -1.03881             0.621353      -2.45442e-05     -0.00578529      -0.0236384     0.000202168  -0.000102967    0.0649422     -0.653107        -2.27359          3.60635      0.0110305      -0.088205        0.900525    1.30525       3.46798       -0.00636468      -0.676972         -1.04072             0.703506      -2.45442e-05     -0.00578529      -0.0236384
  2.4   -7.05743e-07   6.42418e-07  -0.04258        -0.738839        -1.26452        -8.86069      -0.000265827   -0.00353857      0.155589     1.40771       1.22997       -4.66295        -0.70808          -0.374678           -1.1866        -0.000207524     -0.00204594       0.0149287     0.000197086  -0.000100595    0.215785      -0.730589        -1.03337         -9.49709      0.00543355     -0.116698        0.86875     1.40776       1.2295        -4.88659         -0.708054         -0.37655            -1.29602       -0.000207524     -0.00204594       0.0149287
  2.45  -6.89544e-07   1.44288e-07   0.0015431      -0.772136        -0.235135       -9.85865      -0.000326794    0.00072787      0.460511     1.44385       0.429144      -8.06067        -0.719058         -0.128338           -1.91133       -0.000223721      0.000922637      0.0357656     0.00019212   -9.81417e-05    0.0353404     -0.757584        -0.189527       -10.4183       0.000326739    -0.0862282       0.190954    1.44389       0.429001      -8.29938         -0.719082         -0.128517           -2.02215       -0.000223721      0.000922637      0.0357656
  2.5   -6.72556e-07   2.48855e-07   0.0424084      -0.765553         0.363354       -4.59298      -0.000208056    0.00328521      0.387761     1.45624       0.142976      -7.16375        -0.722575         -0.0364414          -1.25798       -0.000127337      0.00251321       0.0260838     0.000187264  -9.62995e-05   -0.103733      -0.752615         0.277048        -3.98005     -0.00284115     -0.044634       -0.34629     1.45627       0.142857      -6.94603         -0.722568         -0.0352851          -1.17222       -0.000127337      0.00251321       0.0260838
  2.55  -6.58921e-07   3.86219e-07   0.0411351      -0.741159         0.532019        2.30351      -3.62853e-05    0.0032413       0.0940289    1.46016       0.0408402     -4.89004        -0.723364         -0.00426759         -0.190368       5.10602e-06      0.0025668       -0.000342342   0.000182523  -9.40469e-05   -0.202092      -0.734604         0.380638         3.88571     -0.0039985      -0.00642719     -0.676695    1.46019       0.0408402     -4.2544          -0.723297         -0.00320666          0.0652458      5.10602e-06      0.0025668       -0.000342342
  2.6   -6.39614e-07   3.53296e-07   0.00915266     -0.72625          0.265866        8.24012       0.000108921    0.00254804     -0.220039     1.48405       0.28178       -3.37487        -0.734744         -0.133821            0.690705       0.000121001      0.0012661       -0.0265849     0.000177908  -9.14567e-05   -0.232354      -0.728374         0.115189         9.7848      -0.00308677      0.0261432      -0.761351    1.48408       0.281804      -2.7228          -0.734646         -0.133702            0.946784       0.000121001      0.0012661       -0.0265849
  2.65  -6.25379e-07  -1.28179e-07   0.00824329     -0.794819        -1.428          18.8069        0.000303317    0.00905775     -0.390882     1.68027       3.01764       -6.44976        -0.841781         -1.28948             1.68225        0.000169647     -0.00283823      -0.0578662     0.000173408  -8.86803e-05   -0.334231      -0.809117        -1.46232         19.4863       0.00150578      0.080452       -1.00245     1.6801        3.02236       -6.23731         -0.841598         -1.29102             1.78391        0.000169647     -0.00283823      -0.0578662
  2.7   -6.08337e-07   1.22631e-07  -0.14068        -0.853947        -1.01583         7.87904       0.000318116   -0.00378993     -0.709982     1.76938       1.06676        2.28697        -0.88027          -0.468017            1.41622        5.46568e-05     -0.00196323      -0.0621442     0.000169025  -8.64422e-05    0.202117      -0.866322        -0.939348         7.39005      0.00272326     -0.00227815      0.50439     1.76934       1.06838        2.08445         -0.880211         -0.470997            1.34052        5.46568e-05     -0.00196323      -0.0621442
  2.75  -5.9345e-07    3.94439e-07  -0.00466953     -0.893938        -0.610135        1.58731       0.000113364   -0.00339394     -0.0197127    1.80062       0.369111      -4.18231        -0.894218         -0.16826            -0.239574      -8.92469e-06     -0.000643448     -0.00468249    0.000164743  -8.43584e-05    0.124803      -0.901708        -0.512755        -0.448655     0.00224932     -0.0109261       0.305951    1.80063       0.369707      -5.02118         -0.894293         -0.170191           -0.626533      -8.92469e-06     -0.000643448     -0.00468249
  2.8   -5.79061e-07   3.57128e-07   0.0995725      -0.91259         -0.189336       -0.269795      2.29527e-05   -0.000598967     0.387306     1.81118       0.119874      -6.27015        -0.899103         -0.0561344          -0.77324       -8.79494e-06      0.000408562      0.0325316     0.000160579  -8.21553e-05    0.0940027     -0.915834        -0.109146        -1.91826      0.00179269     -0.00774892      0.224664    1.81121       0.120065      -6.91437         -0.899208         -0.055586           -1.09494       -8.79494e-06      0.000408562      0.0325316
  2.85  -5.64755e-07   2.3793e-07    0.315237       -0.989262        -1.61364        12.6246        0.000321129    0.0104472       0.386595     1.99118       3.21696      -13.5271         -1.00365          -1.25962             0.215168      -1.66282e-05     -0.00329625      -0.00677483   -0.00208061   -0.177679      -0.609081      -0.996331        -1.30964         14.5333       0.0087263       0.357297       -0.869767    1.98963       3.19223      -13.2196          -1.0035           -1.26317             0.199067      -1.66282e-05     -0.00329625      -0.00677483
  2.9    0.00423456    0.152465     -0.259828       -1.04094         -0.580941        4.61424       0.000170469    0.0311771      -0.430691     2.08481       1.07682        0.678313       -1.0412           -0.456132            0.0679513     -0.000104108     -0.00282616      -6.85378e-05  -0.0109534    -0.146594       0.09707       -1.03776         -0.487364        12.0891       0.020513        0.204358       -0.50917     2.08229       1.09551        0.578739        -1.0412           -0.454296            0.126538      -0.000104108     -0.00282616      -6.85378e-05
  2.95   0.0089775     0.0467416    -0.0573151      -1.05048          0.0478495       9.82335      -8.87039e-06    0.00461172     -0.386491     2.11641       0.371734      -4.72817        -1.05448          -0.155159           -0.703192      -0.000117925      0.000583456     -0.00593106   -0.0149477    -0.032288      -0.45181       -1.04727          0.00972726      18.9619       0.0319184       0.219239       -1.17648     2.11437       0.381986      -4.74752         -1.05461          -0.154802           -0.640975      -0.000117925      0.000583456     -0.00593106
  3      0.00901692   -0.0271081     0.0281374      -1.04276          0.180503       12.6644        0.000249423   -0.00432822     -0.368772     2.12743       0.134799      -4.98669        -1.05877          -0.0464667           0.0396627     -3.00072e-05      0.00284815      -0.0333982    -0.0145787     0.0227008     -0.0034819     -1.04224          0.125596        22.8747       0.0392426       0.107966       -0.313267    2.12575       0.13375       -4.84824         -1.05886          -0.0442495           0.162246      -3.00072e-05      0.00284815      -0.0333982